175.09
175.13
175.08
175.0
174.93
175.02
175.1
175.09
175.12
175.1
175.17
175.1
175.03
175.11
175.16
175.26
175.19
175.24
175.3
175.39
175.41
175.49
175.49
175.44
175.48
175.54
175.56
175.6
175.65
175.65
175.56
175.63
175.7
175.73
175.78
175.71
175.71
175.64
175.69
175.69
175.59
175.6
175.52
175.61
175.51
175.47
175.49
175.52
175.46
175.43
175.5
175.5
175.5
175.55
175.46
175.45
175.39
175.44
175.37
175.44
175.44
175.39
175.45
175.44
175.49
175.49
175.59
175.66
175.59
175.61
175.62
175.61
175.65
175.64
175.56
175.63
175.57
175.48
175.42
175.33
175.38
175.36
175.38
175.32
175.23
175.28
175.18
175.12
175.05
175.05
174.95
174.85
174.93
174.92
175.02
175.0
175.0
175.0
175.1
175.17
175.26
175.3
175.28
175.26
175.25
175.16
175.12
175.14
175.07
175.05
174.97
175.02
175.08
175.07
175.01
174.99
175.05
175.03
175.02
174.98
174.99
175.09
175.04
174.94
174.95
174.86
174.87
174.81
174.91
174.96
174.97
175.04
175.07
175.14
175.13
175.15
175.06
174.97
174.92
174.98
174.93
174.99
175.02
174.95
174.94
174.88
174.84
174.85
174.83
174.9
174.95
174.96
174.98
175.01
174.96
174.93
175.0
174.92
174.85
174.94
174.96
175.03
175.11
175.2
175.13
175.06
175.04
174.96
174.91
174.91
174.87
174.91
174.98
174.91
174.96
174.96
175.05
174.96
174.94
174.89
174.8
174.81
174.76
174.77
174.69
174.69
174.67
174.58
174.55
174.5
174.54
174.6
174.54
174.54
174.59
174.6
174.65
174.71
174.74
174.69
174.67
174.58
174.63
174.72
174.75
174.79
174.88
174.88
174.89
174.79
174.84
174.8
174.77
174.72
174.79
174.82
174.86
174.77
174.79
174.85
174.91
174.9
174.95
174.9
174.86
174.95
174.95
174.89
174.91
174.99
175.07
175.08
175.07
175.11
175.06
175.13
175.22
175.14
175.08
175.04
175.01
175.08
175.06
174.99
175.03
175.04
175.09
175.03
175.11
175.09
175.04
175.03
175.03
175.01
174.99
174.9
174.99
174.99
174.94
174.86
174.86
174.96
175.05
175.12
175.13
175.16
175.21
175.27
175.27
175.22
175.25
175.23
175.2
175.25
175.2
175.2
175.25
175.32
175.23
175.23
175.25
175.16
175.08
175.15
175.24
175.18
175.14
175.1
175.15
175.15
175.23
175.26
175.22
175.23
175.26
175.32
175.36
175.29
175.26
175.32
175.31
175.39
175.39
175.46
175.47
175.4
175.31
175.41
175.41
175.48
175.49
175.54
175.44
175.51
175.47
175.4
175.4
175.36
175.39
175.45
175.43
175.4
175.31
175.28
175.27
175.29
175.26
175.2
175.24
175.16
175.06
175.15
175.13
175.19
175.13
175.11
175.1
175.11
175.19
175.16
175.13
175.23
175.26
175.28
175.24
175.33
175.3
175.26
175.17
175.19
175.11
175.03
175.01
174.96
174.9
174.85
174.84
174.91
174.94
174.99
174.98
174.99
174.93
174.86
174.8
174.85
174.79
174.84
174.8
174.72
174.8
174.79
174.87
174.86
174.77
174.78
174.73
174.74
174.65
174.56
174.57
174.63
174.59
174.68
174.71
174.72
174.72
174.72
174.7
174.74
174.65
174.55
174.62
174.7
174.8
174.84
174.77
174.77
174.72
174.66
174.59
174.51
174.54
174.46
174.52
174.53
174.58
174.57
174.67
174.75
174.71
174.68
174.71
174.67
174.69
174.73
174.73
174.71
174.7
174.73
174.67
174.69
174.72
174.81
174.81
174.71
174.7
174.63
174.67
174.65
174.61
174.65
174.65
174.67
174.7
174.72
174.67
174.73
174.73
174.79
174.72
174.78
174.69
174.71
174.78
174.72
174.72
174.64
174.6
174.58
174.57
174.51
174.44
174.37
174.42
174.4
174.36
174.33
174.43
174.36
174.38
174.32
174.31
174.27
174.24
174.32
174.4
174.32
174.31
174.27
174.34
174.4
174.39
174.31
174.26
174.17
174.12
174.15
174.25
174.22
174.2
174.28
174.18
174.16
174.17
174.17
174.27
174.19
174.26
174.22
174.22
174.12
174.12
174.07
174.12
174.03
174.04
173.96
173.91
173.94
173.93
173.9
173.91
173.85
173.77
173.84
173.9
173.87
173.95
173.94
173.94
174.02
173.94
173.95
173.94
173.96
174.02
174.09
174.08
174.03
174.1
174.12
174.08
174.08
174.04
173.95
173.99
173.93
173.95
173.97
173.91
173.91
173.98
174.06
173.96
173.97
174.06
174.15
174.24
174.19
174.22
174.25
174.34
174.43
174.49
174.48
174.54
174.57
174.67
174.67
174.57
174.51
174.54
174.49
174.52
174.52
174.51
174.45
174.37
174.35
174.39
174.29
174.34
174.24
174.16
174.24
174.15
174.22
174.26
174.31
174.36
174.37
174.34
174.28
174.26
174.21
174.15
174.14
174.15
174.23
174.2
174.26
174.34
174.26
174.28
174.25
174.3
174.25
174.24
174.18
174.12
174.08
174.09
174.01
173.94
173.9
173.86
173.93
173.97
173.99
174.05
174.0
174.02
174.09
174.0
174.08
174.1
174.0
174.0
173.91
173.95
173.97
173.91
173.89
173.8
173.73
173.72
173.7
173.63
173.54
173.6
173.52
173.6
173.59
173.66
173.66
173.57
173.64
173.7
173.63
173.66
173.61
173.55
173.46
173.48
173.39
173.35
173.26
173.25
173.29
173.28
173.32
173.28
173.18
173.11
173.07
173.07
173.04
173.09
173.0
172.93
172.87
172.78
172.73
172.65
172.69
172.77
172.76
172.67
172.66
172.69
172.72
172.79
172.82
172.88
172.81
172.81
172.87
172.89
172.89
172.96
172.95
172.86
172.82
172.78
172.72
172.64
172.62
172.66
172.63
172.61
172.69
172.75
172.73
172.76
172.71
172.68
172.6
172.59
172.49
172.56
172.55
172.54
172.52
172.52
172.5
172.4
172.36
172.35
172.42
172.45
172.42
172.34
172.4
172.47
172.38
172.32
172.3
172.31
172.23
172.16
172.07
172.14
172.09
172.09
171.99
171.93
171.91
171.95
172.01
172.01
171.97
172.05
172.13
172.06
172.07
172.1
172.17
172.14
172.18
172.2
172.23
172.28
172.22
172.15
172.06
172.01
172.01
171.95
171.99
172.01
172.1
172.04
172.0
171.99
172.04
172.02
171.95
172.02
172.11
172.1
172.14
172.05
172.02
172.08
172.05
172.09
172.09
172.08
171.99
171.91
171.83
171.86
171.8
171.77
171.72
171.71
171.7
171.74
171.75
171.7
171.75
171.66
171.63
171.65
171.61
171.68
171.71
171.78
171.87
171.78
171.75
171.84
171.94
171.91
171.86
171.77
171.75
171.74
171.73
171.67
171.74
171.7
171.68
171.59
171.49
171.58
171.61
171.52
171.59
171.53
171.55
171.56
171.58
171.5
171.4
171.4
171.46
171.41
171.47
171.54
171.48
171.5
171.52
171.43
171.4
171.47
171.51
171.59
171.52
171.55
171.6
171.59
171.51
171.56
171.52
171.49
171.5
171.59
171.55
171.63
171.61
171.71
171.8
171.78
171.72
171.7
171.67
171.61
171.51
171.41
171.33
171.34
171.31
171.35
171.31
171.25
171.33
171.26
171.31
171.41
171.5
171.55
171.6
171.59
171.53
171.44
171.38
171.33
171.36
171.38
171.47
171.52
171.59
171.49
171.48
171.38
171.48
171.48
171.39
171.41
171.36
171.34
171.39
171.32
171.4
171.5
171.56
171.54
171.62
171.67
171.63
171.71
171.72
171.71
171.68
171.77
171.76
171.66
171.66
171.69
171.77
171.83
171.76
171.86
171.89
171.79
171.84
171.76
171.82
171.85
171.81
171.76
171.69
171.61
171.6
171.5
171.5
171.51
171.53
171.55
171.5
171.57
171.61
171.53
171.46
171.41
171.4
171.48
171.43
171.5
171.42
171.46
171.5
171.44
171.46
171.52
171.46
171.54
171.53
171.56
171.61
171.52
171.45
171.41
171.5
171.56
171.59
171.58
171.68
171.69
171.79
171.77
171.86
171.77
171.76
171.7
171.73
171.75
171.83
171.86
171.78
171.72
171.69
171.6
171.54
171.57
171.53
171.5
171.46
171.42
171.5
171.41
171.38
171.4
171.47
171.51
171.43
171.51
171.51
171.61
171.64
171.64
171.56
171.61
171.6
171.63
171.6
171.53
171.51
171.52
171.47
171.39
171.42
171.51
171.42
171.49
171.46
171.46
171.42
171.33
171.28
171.23
171.14
171.19
171.19
171.2
171.12
171.2
171.21
171.26
171.24
171.15
171.11
171.05
171.08
171.01
171.03
171.01
170.95
170.94
170.9
170.83
170.79
170.83
170.76
170.75
170.76
170.77
170.67
170.75
170.82
170.77
170.81
170.74
170.82
170.81
170.9
170.92
170.96
170.98
170.91
170.84
170.9
170.96
170.87
170.88
170.95
171.02
170.94
171.01
171.04
171.0
171.09
171.1
171.12
171.19
171.19
171.26
171.28
171.24
171.2
171.21
171.12
171.15
171.06
171.15
171.18
171.19
171.22
171.13
171.23
171.18
171.19
171.16
171.17
171.2
171.11
171.04
170.94
171.01
171.08
171.03
170.97
170.95
170.94
171.0
170.94
170.94
170.93
170.88
170.84
170.9
170.81
170.82
170.9
170.99
170.9
170.98
170.96
170.96
170.99
170.93
171.02
171.1
171.05
171.12
171.07
171.09
171.0
171.0
171.01
171.06
171.05
171.09
171.11
171.06
170.99
170.95
170.94
170.92
171.0
170.91
170.89
170.93
170.97
171.0
170.94
171.0
170.93
170.98
171.06
171.04
170.96
171.04
171.02
171.04
171.09
171.1
171.0
170.93
170.89
170.81
170.77
170.71
170.73
170.67
170.58
170.48
170.42
170.45
170.5
170.41
170.51
170.45
170.39
170.31
170.39
170.43
170.33
170.3
170.34
170.25
170.16
170.18
170.12
170.22
170.23
170.17
170.18
170.16
170.13
170.06
170.13
170.19
170.1
170.02
169.99
169.91
170.0
169.95
170.02
170.07
169.99
169.91
169.82
169.78
169.81
169.89
169.83
169.86
169.79
169.84
169.83
169.87
169.81
169.81
169.84
169.93
169.9
169.9
169.98
170.08
169.98
170.04
170.11
170.16
170.09
170.09
170.0
170.05
169.96
169.9
169.85
169.92
170.01
170.03
169.97
170.03
170.03
170.09
170.16
170.21
170.17
170.23
170.28
170.3
170.32
170.25
170.34
170.34
170.33
170.29
170.19
170.12
170.03
170.07
169.99
170.04
170.0
170.01
169.94
169.88
169.93
169.91
170.0
170.02
170.01
169.92
169.97
169.97
170.0
169.91
169.87
169.79
169.72
169.79
169.79
169.86
169.84
169.77
169.71
169.71
169.63
169.67
169.59
169.64
169.71
169.78
169.85
169.86
169.8
169.73
169.75
169.84
169.78
169.7
169.7
169.66
169.7
169.8
169.87
169.8
169.89
169.83
169.77
169.7
169.73
169.76
169.8
169.79
169.73
169.66
169.68
169.73
169.81
169.84
169.83
169.84
169.8
169.78
169.7
169.7
169.61
169.69
169.76
169.78
169.78
169.71
169.63
169.57
169.66
169.57
169.53
169.54
169.61
169.56
169.65
169.63
169.62
169.72
169.69
169.63
169.55
169.56
169.54
169.61
169.65
169.74
169.78
169.7
169.66
169.67
169.66
169.68
169.7
169.74
169.76
169.66
169.75
169.71
169.79
169.85
169.78
169.82
169.91
169.88
169.92
169.94
169.86
169.93
169.88
169.94
169.91
169.86
169.92
169.91
169.93
169.84
169.8
169.81
169.9
169.93
169.93
169.94
169.98
170.07
170.1
170.13
170.15
170.12
170.18
170.24
170.16
170.07
169.99
169.92
170.01
170.08
170.05
170.05
170.15
170.25
170.19
170.27
170.22
170.31
170.26
170.21
170.13
170.22
170.28
170.3
170.25
170.22
170.17
170.15
170.23
170.29
170.26
170.27
170.37
170.44
170.47
170.5
170.56
170.64
170.6
170.51
170.55
170.53
170.45
170.47
170.42
170.39
170.49
170.42
170.46
170.39
170.47
170.55
170.56
170.64
170.69
170.68
170.7
170.76
170.69
170.59
170.57
170.58
170.49
170.49
170.58
170.61
170.63
170.65
170.56
170.62
170.57
170.55
170.57
170.63
170.65
170.57
170.53
170.57
170.6
170.56
170.52
170.59
170.54
170.53
170.49
170.46
170.39
170.31
170.4
170.38
170.43
170.36
170.45
170.39
170.39
170.32
170.39
170.42
170.37
170.35
170.37
170.43
170.49
170.57
170.54
170.55
170.54
170.47
170.46
170.51
170.47
170.56
170.5
170.51
170.5
170.54
170.5
170.49
170.42
170.35
170.26
170.34
170.24
170.2
170.29
170.19
170.18
170.21
170.2
170.19
170.22
170.16
170.26
170.27
170.31
170.3
170.37
170.37
170.35
170.44
170.48
170.43
170.36
170.26
170.32
170.39
170.48
170.55
170.5
170.48
170.53
170.53
170.46
170.54
170.61
170.66
170.59
170.65
170.7
170.73
170.63
170.72
170.63
170.55
170.63
170.54
170.51
170.55
170.62
170.61
170.7
170.8
170.79
170.75
170.69
170.78
170.83
170.89
170.9
170.9
170.9
170.98
171.01
171.01
171.09
171.14
171.12
171.04
171.09
171.01
171.01
171.05
171.11
171.14
171.21
171.28
171.24
171.14
171.22
171.18
171.16
171.15
171.2
171.11
171.18
171.25
171.27
171.34
171.41
171.35
171.35
171.39
171.46
171.49
171.45
171.46
171.44
171.48
171.57
171.62
171.64
171.59
171.68
171.68
171.76
171.83
171.83
171.89
171.83
171.83
171.86
171.96
171.9
171.94
172.03
172.09
172.17
172.12
172.03
172.07
172.03
171.93
171.86
171.9
172.0
172.07
172.07
172.09
172.12
172.19
172.23
172.32
172.28
172.2
172.23
172.16
172.13
172.07
172.09
172.05
172.05
171.98
171.98
172.02
172.04
172.04
172.13
172.18
172.16
172.14
172.18
172.28
172.19
172.28
172.23
172.29
172.26
172.21
172.16
172.1
172.01
171.98
171.94
171.93
171.99
171.9
171.96
172.04
171.95
171.9
171.89
171.82
171.79
171.85
171.88
171.79
171.85
171.84
171.81
171.74
171.66
171.59
171.55
171.53
171.5
171.5
171.42
171.5
171.55
171.63
171.65
171.75
171.84
171.93
171.9
171.98
171.96
171.89
171.94
172.04
172.01
172.01
171.99
171.99
172.06
172.03
172.03
171.93
171.99
171.93
172.0
171.92
171.87
171.83
171.92
171.89
171.95
171.98
171.93
171.85
171.84
171.79
171.86
171.87
171.93
171.93
171.99
171.89
171.8
171.73
171.66
171.72
171.73
171.73
171.69
171.77
171.71
171.75
171.7
171.75
171.79
171.72
171.73
171.66
171.59
171.6
171.59
171.59
171.59
171.64
171.66
171.58
171.61
171.62
171.69
171.62
171.7
171.67
171.7
171.74
171.71
171.8
171.85
171.94
171.91
171.92
171.91
171.84
171.91
171.9
171.81
171.84
171.83
171.87
171.97
171.89
171.82
171.82
171.78
171.88
171.81
171.77
171.84
171.77
171.84
171.87
171.8
171.82
171.81
171.84
171.77
171.78
171.84
171.76
171.8
171.88
171.97
172.06
172.13
172.1
172.16
172.14
172.17
172.15
172.05
171.99
172.09
172.16
172.25
172.21
172.17
172.2
172.18
172.26
172.3
172.38
172.4
172.32
172.33
172.39
172.36
172.42
172.33
172.33
172.31
172.32
172.29
172.21
172.16
172.2
172.13
172.16
172.12
172.19
172.29
172.34
172.25
172.33
172.42
172.37
172.31
172.37
172.28
172.3
172.24
172.15
172.14
172.21
172.26
172.18
172.22
172.13
172.22
172.29
172.32
172.4
172.47
172.51
172.59
172.59
172.55
172.5
172.48
172.56
172.6
172.51
172.47
172.55
172.59
172.56
172.58
172.68
172.72
172.8
172.89
172.86
172.83
172.91
172.87
172.96
172.88
172.8
172.72
172.7
172.67
172.74
172.65
172.59
172.66
172.57
172.63
172.59
172.53
172.57
172.48
172.57
172.51
172.55
172.61
172.55
172.48
172.58
172.62
172.64
172.64
172.63
172.66
172.75
172.7
172.7
172.79
172.85
172.89
172.82
172.83
172.74
172.84
172.88
172.86
172.94
172.92
172.91
172.83
172.9
172.85
172.77
172.87
172.96
172.98
172.91
173.01
172.96
173.05
173.04
173.12
173.09
173.01
173.02
172.97
172.89
172.94
172.86
172.85
172.94
172.85
172.81
172.81
172.77
172.7
172.78
172.76
172.73
172.64
172.66
172.69
172.74
172.69
172.63
172.73
172.64
172.62
172.7
172.79
172.82
172.89
172.99
172.92
172.82
172.91
172.99
173.02
173.05
172.99
172.98
172.92
172.84
172.84
172.78
172.71
172.61
172.68
172.58
172.53
172.49
172.45
172.47
172.44
172.34
172.3
172.2
172.16
172.15
172.17
172.11
172.08
172.06
172.06
171.97
171.98
171.95
171.97
171.88
171.8
171.89
171.93
171.91
171.96
171.86
171.79
171.85
171.81
171.89
171.85
171.83
171.82
171.9
171.97
171.98
171.98
171.99
171.98
171.9
171.87
171.85
171.91
171.98
172.0
171.99
172.06
172.08
172.08
172.09
172.03
172.0
172.0
171.9
171.96
172.0
172.09
172.16
172.15
172.1
172.04
171.99
171.93
171.99
172.0
171.92
171.93
172.01
172.0
171.91
171.92
171.92
171.96
171.91
171.87
171.81
171.89
171.89
171.9
171.84
171.75
171.72
171.77
171.72
171.68
171.67
171.64
171.54
171.58
171.63
171.71
171.69
171.73
171.66
171.64
171.74
171.81
171.89
171.81
171.81
171.82
171.89
171.82
171.79
171.74
171.69
171.76
171.72
171.72
171.63
171.64
171.7
171.72
171.78
171.69
171.59
171.55
171.48
171.52
171.57
171.65
171.72
171.62
171.7
171.65
171.62
171.56
171.49
171.54
171.57
171.57
171.62
171.64
171.61
171.56
171.61
171.55
171.59
171.67
171.64
171.72
171.72
171.74
171.7
171.79
171.86
171.96
171.86
171.89
171.96
171.96
171.87
171.87
171.87
171.81
171.81
171.81
171.91
171.99
171.98
172.01
172.07
172.05
172.1
172.02
172.03
172.1
172.02
172.04
172.1
172.17
172.13
172.13
172.03
172.09
172.07
172.13
172.09
172.05
172.07
172.1
172.2
172.14
172.13
172.2
172.16
172.26
172.19
172.17
172.08
172.01
171.96
171.97
171.88
171.92
171.89
171.88
171.8
171.79
171.72
171.74
171.64
171.66
171.57
171.62
171.59
171.6
171.5
171.45
171.43
171.34
171.38
171.33
171.34
171.3
171.26
171.32
171.31
171.37
171.31
171.34
171.39
171.33
171.33
171.31
171.4
171.38
171.46
171.39
171.46
171.38
171.43
171.46
171.44
171.39
171.48
171.45
171.42
171.38
171.46
171.54
171.45
171.46
171.4
171.4
171.47
171.38
171.37
171.45
171.46
171.46
171.45
171.53
171.49
171.43
171.44
171.42
171.34
171.25
171.24
171.17
171.12
171.06
170.98
171.05
171.12
171.13
171.17
171.07
171.02
171.09
171.1
171.13
171.07
171.11
171.02
170.95
170.93
170.87
170.94
170.86
170.93
170.87
170.83
170.81
170.74
170.72
170.65
170.75
170.71
170.8
170.81
170.74
170.78
170.73
170.8
170.83
170.75
170.84
170.86
170.77
170.68
170.77
170.86
170.79
170.75
170.7
170.71
170.76
170.75
170.72
170.73
170.74
170.81
170.82
170.83
170.77
170.75
170.73
170.79
170.8
170.9
170.96
170.87
170.88
170.89
170.96
170.87
170.97
170.87
170.97
170.88
170.92
170.97
170.89
170.86
170.96
170.9
170.91
170.9
170.88
170.93
170.98
171.07
171.01
170.93
171.0
171.09
171.11
171.11
171.09
171.02
171.07
171.12
171.1
171.07
171.0
170.94
170.9
170.91
170.94
170.88
170.85
170.75
170.84
170.75
170.7
170.79
170.7
170.65
170.63
170.55
170.49
170.42
170.48
170.56
170.46
170.43
170.44
170.46
170.45
170.39
170.31
170.23
170.21
170.14
170.11
170.03
169.98
169.93
169.91
169.82
169.78
169.69
169.73
169.82
169.89
169.85
169.81
169.85
169.92
169.84
169.9
169.85
169.95
170.03
170.0
170.04
170.14
170.16
170.2
170.12
170.08
170.07
170.1
170.19
170.18
170.16
170.17
170.19
170.1
170.06
170.15
170.11
170.17
170.24
170.26
170.35
170.43
170.38
170.29
170.29
170.28
170.23
170.3
170.37
170.43
170.49
170.41
170.45
170.48
170.42
170.38
170.42
170.36
170.36
170.38
170.45
170.45
170.4
170.37
170.3
170.29
170.39
170.41
170.37
170.28
170.36
170.26
170.27
170.34
170.27
170.26
170.22
170.3
170.34
170.3
170.31
170.4
170.35
170.38
170.47
170.5
170.55
170.54
170.59
170.5
170.59
170.66
170.58
170.65
170.69
170.6
170.57
170.59
170.57
170.67
170.65
170.67
170.66
170.64
170.63
170.7
170.71
170.65
170.58
170.61
170.62
170.56
170.64
170.63
170.67
170.77
170.81
170.82
170.78
170.77
170.84
170.89
170.89
170.81
170.91
170.84
170.82
170.78
170.85
170.83
170.75
170.73
170.68
170.73
170.67
170.69
170.65
170.66
170.75
170.73
170.71
170.71
170.78
170.7
170.7
170.65
170.65
170.66
170.75
170.82
170.79
170.75
170.82
170.91
170.86
170.88
170.89
170.8
170.71
170.75
170.69
170.59
170.58
170.54
170.57
170.63
170.64
170.6
170.53
170.44
170.34
170.37
170.4
170.34
170.27
170.32
170.22
170.26
170.23
170.32
170.32
170.23
170.24
170.3
170.23
170.24
170.32
170.22
170.22
170.27
170.2
170.2
170.29
170.2
170.25
170.17
170.12
170.2
170.26
170.24
170.17
170.17
170.13
170.05
170.14
170.23
170.32
170.4
170.36
170.44
170.41
170.36
170.39
170.31
170.29
170.27
170.36
170.32
170.41
170.5
170.45
170.4
170.35
170.27
170.35
170.25
170.18
170.17
170.19
170.21
170.28
170.33
170.25
170.22
170.19
170.12
170.05
170.06
170.05
170.05
169.97
169.97
169.98
169.9
169.9
169.97
169.91
170.01
169.93
169.88
169.79
169.85
169.92
169.84
169.84
169.79
169.84
169.83
169.86
169.79
169.86
169.8
169.82
169.77
169.84
169.92
170.0
169.99
170.02
170.11
170.07
170.16
170.23
170.18
170.12
170.07
170.02
170.06
169.99
169.9
169.86
169.82
169.86
169.87
169.82
169.76
169.8
169.79
169.84
169.76
169.79
169.71
169.64
169.71
169.76
169.79
169.86
169.82
169.85
169.88
169.89
169.85
169.76
169.76
169.74
169.8
169.77
169.81
169.87
169.81
169.89
169.98
170.02
169.94
170.01
170.08
170.09
170.0
170.08
170.08
170.11
170.11
170.06
170.15
170.18
170.15
170.1
170.11
170.2
170.17
170.12
170.19
170.14
170.14
170.16
170.18
170.22
170.18
170.19
170.2
170.13
170.08
170.15
170.17
170.17
170.21
170.28
170.19
170.1
170.14
170.09
170.0
169.97
169.92
169.94
169.88
169.83
169.91
169.83
169.84
169.79
169.85
169.95
169.85
169.75
169.71
169.62
169.54
169.53
169.5
169.5
169.45
169.51
169.47
169.49
169.47
169.43
169.38
169.4
169.48
169.51
169.6
169.64
169.62
169.63
169.7
169.67
169.63
169.61
169.53
169.47
169.42
169.33
169.34
169.34
169.28
169.28
169.37
169.28
169.33
169.42
169.32
169.3
169.26
169.17
169.15
169.09
169.1
169.1
169.09
169.06
168.96
169.03
168.98
168.97
168.93
168.94
168.98
169.08
169.03
168.98
169.06
169.14
169.18
169.17
169.16
169.09
169.13
169.12
169.11
169.03
168.97
168.97
168.99
169.08
169.03
169.1
169.04
168.97
168.87
168.92
168.87
168.82
168.73
168.74
168.7
168.77
168.75
168.7
168.74
168.79
168.72
168.65
168.65
168.6
168.59
168.67
168.63
168.7
168.75
168.76
168.79
168.8
168.85
168.86
168.92
168.93
168.83
168.9
168.9
168.83
168.87
168.89
168.8
168.81
168.9
168.85
168.83
168.84
168.85
168.76
168.78
168.87
168.85
168.91
169.0
169.06
168.96
168.91
168.88
168.88
168.98
168.98
168.93
168.91
168.97
168.88
168.83
168.85
168.82
168.89
168.96
168.95
168.94
168.87
168.84
168.8
168.82
168.84
168.93
168.91
168.93
168.88
168.84
168.92
168.95
169.04
169.0
169.06
168.98
168.89
168.8
168.86
168.88
168.8
168.76
168.85
168.89
168.94
168.86
168.76
168.77
168.73
168.69
168.62
168.52
168.56
168.47
168.4
168.38
168.34
168.4
168.42
168.51
168.44
168.46
168.46
168.52
168.57
168.62
168.55
168.61
168.58
168.53
168.58
168.58
168.63
168.65
168.57
168.65
168.66
168.7
168.62
168.62
168.56
168.54
168.5
168.42
168.49
168.39
168.3
168.39
168.34
168.25
168.31
168.23
168.31
168.4
168.37
168.4
168.49
168.47
168.48
168.57
168.48
168.43
168.37
168.34
168.28
168.34
168.26
168.34
168.25
168.32
168.22
168.27
168.35
168.32
168.26
168.18
168.15
168.15
168.06
168.14
168.13
168.1
168.14
168.06
168.16
168.13
168.11
168.15
168.09
168.07
168.03
168.0
167.99
168.04
167.96
167.87
167.82
167.77
167.83
167.9
167.85
167.87
167.97
168.01
168.04
168.11
168.13
168.22
168.31
168.33
168.42
168.5
168.41
168.44
168.43
168.37
168.38
168.44
168.46
168.44
168.42
168.43
168.4
168.31
168.3
168.24
168.22
168.22
168.31
168.34
168.26
168.18
168.1
168.06
168.11
168.04
168.11
168.06
168.15
168.14
168.18
168.21
168.31
168.26
168.33
168.32
168.32
168.4
168.39
168.33
168.25
168.26
168.22
168.27
168.19
168.16
168.09
168.08
168.06
168.02
167.93
167.83
167.8
167.75
167.69
167.59
167.51
167.61
167.68
167.64
167.72
167.77
167.74
167.83
167.85
167.82
167.83
167.74
167.72
167.68
167.74
167.65
167.65
167.62
167.66
167.7
167.79
167.77
167.79
167.88
167.79
167.87
167.96
167.86
167.85
167.92
167.98
168.02
167.93
167.91
167.96
167.91
167.85
167.94
167.87
167.8
167.89
167.98
167.91
167.84
167.75
167.81
167.71
167.76
167.69
167.61
167.56
167.59
167.63
167.61
167.63
167.54
167.45
167.48
167.44
167.48
167.43
167.42
167.5
167.4
167.42
167.43
167.46
167.49
167.47
167.53
167.45
167.46
167.5
167.58
167.49
167.5
167.41
167.32
167.25
167.15
167.15
167.24
167.25
167.19
167.1
167.03
166.96
166.93
166.96
166.93
166.84
166.91
166.95
167.04
167.11
167.16
167.21
167.14
167.17
167.15
167.15
167.21
167.13
167.09
167.13
167.11
167.15
167.1
167.03
166.97
167.0
166.91
166.83
166.8
166.89
166.95
166.91
166.91
166.92
166.98
167.08
166.99
166.93
167.01
167.07
167.13
167.22
167.17
167.16
167.18
167.21
167.27
167.28
167.32
167.26
167.27
167.29
167.37
167.36
167.29
167.27
167.18
167.23
167.18
167.23
167.19
167.12
167.21
167.17
167.13
167.2
167.27
167.29
167.36
167.46
167.48
167.52
167.44
167.52
167.53
167.56
167.62
167.66
167.7
167.75
167.77
167.75
167.83
167.79
167.72
167.65
167.64
167.68
167.77
167.76
167.81
167.91
167.86
167.87
167.82
167.78
167.78
167.69
167.7
167.78
167.8
167.84
167.89
167.88
167.8
167.77
167.86
167.78
167.83
167.87
167.88
167.92
168.01
168.06
168.1
168.12
168.12
168.15
168.13
168.21
168.2
168.22
168.17
168.16
168.24
168.19
168.1
168.12
168.17
168.22
168.15
168.19
168.15
168.09
168.01
167.92
167.93
168.01
168.11
168.14
168.06
168.08
168.15
168.14
168.06
168.09
168.12
168.2
168.15
168.06
168.02
167.92
167.83
167.79
167.78
167.8
167.74
167.79
167.82
167.86
167.87
167.95
167.95
167.97
168.03
167.94
167.85
167.91
167.88
167.79
167.86
167.76
167.7
167.64
167.63
167.71
167.78
167.77
167.73
167.67
167.59
167.6
167.53
167.58
167.56
167.47
167.45
167.38
167.37
167.31
167.23
167.17
167.1
167.08
167.16
167.18
167.26
167.35
167.33
167.35
167.28
167.21
167.14
167.2
167.22
167.16
167.19
167.17
167.08
167.07
167.07
167.13
167.23
167.24
167.14
167.14
167.13
167.22
167.32
167.38
167.31
167.3
167.35
167.28
167.24
167.28
167.37
167.36
167.34
167.41
167.4
167.4
167.36
167.41
167.44
167.4
167.34
167.35
167.34
167.29
167.27
167.17
167.11
167.03
167.1
167.2
167.19
167.11
167.09
167.02
166.96
167.05
167.12
167.08
167.03
167.0
166.95
166.91
166.99
166.98
167.0
166.96
166.89
166.83
166.81
166.88
166.89
166.96
167.01
166.91
166.83
166.81
166.83
166.79
166.79
166.73
166.79
166.73
166.64
166.64
166.62
166.57
166.48
166.54
166.45
166.36
166.39
166.39
166.35
166.36
166.29
166.35
166.3
166.22
166.13
166.07
166.01
165.98
165.94
165.86
165.77
165.75
165.83
165.83
165.85
165.85
165.81
165.78
165.77
165.84
165.89
165.89
165.87
165.83
165.86
165.94
165.87
165.94
165.96
165.92
165.97
165.99
165.92
165.94
166.02
165.97
165.98
165.96
166.03
166.02
166.09
166.14
166.11
166.18
166.09
166.03
166.02
166.09
166.03
165.96
166.02
165.99
165.94
165.87
165.81
165.8
165.83
165.91
165.84
165.78
165.87
165.88
165.97
165.96
166.01
165.93
166.02
166.12
166.08
166.09
166.02
165.93
165.99
165.95
166.02
166.12
166.04
166.0
165.98
165.96
165.91
165.82
165.78
165.73
165.75
165.74
165.79
165.8
165.81
165.8
165.75
165.81
165.83
165.84
165.8
165.71
165.65
165.66
165.66
165.68
165.78
165.8
165.83
165.88
165.88
165.85
165.9
165.87
165.87
165.85
165.87
165.92
165.93
165.84
165.79
165.8
165.76
165.85
165.84
165.93
165.96
165.95
165.99
165.99
166.02
166.01
165.94
165.86
165.81
165.78
165.87
165.92
165.99
166.07
166.03
166.02
165.95
165.9
165.9
165.89
165.95
165.94
165.96
166.02
166.01
166.08
165.99
165.97
166.03
166.06
166.03
165.95
165.94
165.97
165.94
165.93
165.96
166.02
166.09
166.01
166.1
166.16
166.08
166.1
166.07
166.11
166.13
166.04
166.14
166.06
166.02
165.96
165.92
165.96
165.88
165.97
166.04
165.95
166.04
166.1
166.01
165.99
166.04
165.96
166.01
165.92
165.98
166.03
166.13
166.21
166.3
166.27
166.19
166.16
166.12
166.12
166.05
166.05
166.08
165.99
165.95
165.96
165.95
165.91
165.93
165.84
165.9
165.91
165.95
165.98
165.92
166.0
166.07
166.08
166.04
166.04
165.95
166.02
165.93
166.03
166.09
166.05
166.11
166.02
166.07
166.12
166.21
166.18
166.26
166.31
166.34
166.3
166.31
166.31
166.34
166.32
166.24
166.22
166.28
166.2
166.17
166.12
166.08
165.98
165.99
166.07
166.11
166.12
166.18
166.16
166.24
166.15
166.18
166.18
166.09
166.15
166.17
166.23
166.31
166.31
166.29
166.28
166.29
166.26
166.22
166.13
166.2
166.29
166.36
166.39
166.42
166.33
166.29
166.32
166.36
166.43
166.37
166.3
166.26
166.17
166.13
166.08
165.99
165.9
165.82
165.74
165.7
165.66
165.72
165.69
165.76
165.67
165.6
165.62
165.71
165.72
165.77
165.71
165.68
165.7
165.64
165.71
165.73
165.73
165.76
165.74
165.64
165.64
165.68
165.63
165.68
165.77
165.81
165.86
165.8
165.76
165.83
165.88
165.81
165.72
165.71
165.68
165.68
165.66
165.68
165.66
165.69
165.73
165.65
165.61
165.53
165.49
165.47
165.41
165.43
165.45
165.48
165.5
165.41
165.45
165.51
165.47
165.51
165.53
165.55
165.48
165.55
165.62
165.64
165.6
165.68
165.66
165.6
165.64
165.71
165.64
165.6
165.54
165.54
165.52
165.47
165.45
165.48
165.45
165.54
165.59
165.61
165.65
165.56
165.62
165.65
165.64
165.59
165.64
165.6
165.67
165.64
165.54
165.61
165.66
165.67
165.7
165.71
165.65
165.74
165.8
165.87
165.92
165.87
165.79
165.74
165.76
165.77
165.79
165.76
165.81
165.82
165.81
165.88
165.93
165.9
165.86
165.78
165.83
165.85
165.87
165.81
165.79
165.8
165.89
165.84
165.89
165.99
166.0
166.0
165.93
165.95
165.94
165.91
165.93
165.97
166.02
166.11
166.1
166.11
166.19
166.17
166.11
166.05
166.06
165.99
165.9
165.91
165.97
166.02
166.09
166.17
166.22
166.25
166.19
166.28
166.2
166.14
166.11
166.2
166.24
166.29
166.37
166.46
166.4
166.36
166.37
166.27
166.26
166.33
166.24
166.3
166.22
166.26
166.26
166.23
166.28
166.31
166.24
166.17
166.27
166.27
166.18
166.1
166.14
166.14
166.19
166.28
166.18
166.24
166.19
166.13
166.07
166.16
166.22
166.2
166.13
166.17
166.14
166.06
166.06
165.98
165.92
165.84
165.9
165.86
165.94
166.0
166.04
166.07
166.07
166.14
166.13
166.12
166.11
166.18
166.21
166.14
166.23
166.25
166.3
166.32
166.4
166.3
166.27
166.21
166.26
166.31
166.24
166.33
166.25
166.24
166.16
166.14
166.1
166.09
166.17
166.2
166.15
166.19
166.11
166.06
166.0
166.08
166.13
166.17
166.13
166.13
166.18
166.09
166.07
166.13
166.22
166.19
166.13
166.17
166.07
166.1
166.18
166.12
166.2
166.29
166.25
166.3
166.27
166.34
166.27
166.2
166.24
166.22
166.17
166.15
166.07
166.15
166.17
166.12
166.13
166.05
165.98
165.89
165.89
165.85
165.83
165.81
165.73
165.77
165.84
165.89
165.98
166.07
166.07
166.02
166.1
166.05
166.12
166.11
166.06
166.09
166.12
166.15
166.21
166.18
166.13
166.03
166.04
166.1
166.1
166.07
166.0
165.99
166.05
166.06
166.04
166.05
165.99
166.03
166.11
166.08
166.17
166.07
166.13
166.18
166.09
166.11
166.16
166.19
166.16
166.18
166.19
166.15
166.09
166.19
166.16
166.17
166.12
166.02
166.05
166.0
165.96
166.02
166.05
165.96
165.89
165.96
165.87
165.93
165.95
165.96
165.99
165.96
165.94
165.95
165.95
165.9
165.89
165.99
166.05
165.96
165.95
166.02
165.99
165.98
166.0
166.05
166.11
166.09
166.03
166.05
166.09
166.05
166.13
166.08
166.02
166.09
166.04
166.05
165.98
165.92
166.0
165.95
166.05
166.1
166.09
166.03
166.02
166.1
166.2
166.25
166.26
166.31
166.33
166.42
166.32
166.38
166.35
166.39
166.39
166.33
166.34
166.27
166.35
166.45
166.37
166.42
166.39
166.43
166.34
166.3
166.31
166.31
166.33
166.34
166.38
166.38
166.35
166.44
166.47
166.43
166.48
166.49
166.52
166.52
166.6
166.58
166.52
166.46
166.38
166.47
166.54
166.54
166.55
166.62
166.6
166.62
166.59
166.58
166.54
166.63
166.53
166.54
166.46
166.55
166.53
166.57
166.58
166.62
166.56
166.57
166.62
166.63
166.64
166.64
166.58
166.54
166.61
166.58
166.5
166.55
166.52
166.58
166.6
166.58
166.68
166.72
166.74
166.66
166.68
166.76
166.81
166.87
166.82
166.9
166.85
166.78
166.81
166.77
166.84
166.82
166.91
166.96
166.86
166.82
166.82
166.74
166.79
166.7
166.74
166.65
166.71
166.66
166.57
166.64
166.61
166.6
166.54
166.53
166.59
166.57
166.54
166.56
166.54
166.56
166.6
166.61
166.6
166.69
166.66
166.74
166.69
166.74
166.73
166.8
166.87
166.84
166.79
166.73
166.81
166.75
166.83
166.92
166.94
166.94
166.92
166.84
166.89
166.98
167.01
166.94
166.85
166.9
166.87
166.89
166.86
166.87
166.87
166.9
166.97
166.9
166.98
167.02
166.96
166.91
166.88
166.92
167.0
167.09
167.16
167.24
167.17
167.15
167.11
167.05
166.97
167.02
167.09
167.11
167.14
167.06
166.97
166.98
166.9
166.98
167.07
167.04
167.11
167.19
167.11
167.08
167.08
167.0
167.08
167.11
167.16
167.2
167.2
167.11
167.08
166.99
166.92
166.97
166.99
167.06
167.13
167.08
167.16
167.14
167.21
167.26
167.32
167.33
167.37
167.36
167.36
167.33
167.26
167.32
167.31
167.28
167.28
167.29
167.25
167.16
167.15
167.14
167.19
167.28
167.22
167.24
167.34
167.42
167.47
167.55
167.48
167.51
167.56
167.61
167.7
167.75
167.69
167.59
167.5
167.48
167.57
167.66
167.67
167.71
167.77
167.71
167.73
167.77
167.83
167.84
167.91
167.89
167.91
167.97
167.92
167.98
167.94
167.88
167.94
167.92
167.97
167.89
167.95
167.9
167.91
167.89
167.95
167.91
167.9
167.99
168.01
167.99
167.96
168.05
168.12
168.13
168.13
168.13
168.14
168.17
168.1
168.08
168.13
168.15
168.17
168.15
168.18
168.19
168.17
168.09
168.04
168.02
167.94
167.89
167.97
167.93
167.87
167.91
168.01
168.07
168.06
168.06
168.0
167.94
167.98
168.07
167.99
167.94
168.0
168.09
168.05
168.13
168.04
168.11
168.12
168.21
168.13
168.12
168.1
168.05
168.05
168.04
168.01
167.94
167.97
167.93
167.91
167.9
167.99
167.92
167.96
167.86
167.91
167.85
167.81
167.73
167.64
167.55
167.58
167.67
167.67
167.72
167.78
167.76
167.76
167.74
167.69
167.71
167.65
167.71
167.63
167.58
167.61
167.54
167.48
167.57
167.65
167.65
167.72
167.66
167.65
167.62
167.67
167.69
167.61
167.56
167.53
167.49
167.51
167.56
167.51
167.45
167.4
167.34
167.27
167.35
167.39
167.47
167.55
167.65
167.56
167.63
167.56
167.52
167.5
167.56
167.49
167.58
167.54
167.46
167.48
167.41
167.36
167.26
167.24
167.3
167.22
167.2
167.19
167.22
167.22
167.25
167.19
167.27
167.32
167.34
167.38
167.35
167.44
167.51
167.51
167.49
167.5
167.5
167.4
167.47
167.45
167.36
167.34
167.26
167.18
167.22
167.28
167.25
167.19
167.26
167.17
167.1
167.11
167.2
167.2
167.11
167.05
167.11
167.14
167.1
167.12
167.2
167.2
167.18
167.08
166.99
166.94
166.96
166.88
166.8
166.82
166.8
166.79
166.84
166.79
166.76
166.8
166.88
166.84
166.79
166.69
166.72
166.66
166.73
166.76
166.74
166.83
166.89
166.89
166.98
166.93
166.98
167.01
166.93
166.95
166.97
166.99
167.04
167.13
167.09
167.0
166.96
166.89
166.85
166.93
167.0
166.92
166.99
166.96
166.96
166.99
167.07
167.07
167.05
167.02
167.03
167.09
167.1
167.16
167.21
167.23
167.28
167.35
167.33
167.25
167.25
167.26
167.31
167.24
167.26
167.33
167.37
167.44
167.37
167.31
167.27
167.19
167.26
167.21
167.12
167.22
167.25
167.16
167.22
167.16
167.23
167.22
167.23
167.24
167.28
167.35
167.39
167.45
167.5
167.54
167.49
167.48
167.52
167.44
167.36
167.38
167.34
167.41
167.5
167.56
167.61
167.71
167.74
167.73
167.8
167.78
167.79
167.88
167.97
168.06
168.05
168.05
167.99
168.02
167.95
167.89
167.89
167.85
167.85
167.79
167.83
167.76
167.79
167.82
167.73
167.77
167.84
167.92
167.85
167.83
167.83
167.81
167.76
167.79
167.76
167.76
167.79
167.84
167.77
167.82
167.74
167.65
167.57
167.58
167.67
167.76
167.74
167.81
167.72
167.68
167.59
167.5
167.51
167.59
167.68
167.6
167.68
167.62
167.6
167.51
167.47
167.41
167.49
167.5
167.47
167.53
167.44
167.5
167.48
167.54
167.45
167.38
167.29
167.23
167.2
167.24
167.33
167.27
167.34
167.26
167.17
167.08
167.01
166.99
166.94
166.85
166.85
166.84
166.81
166.83
166.91
166.99
166.94
166.84
166.91
166.83
166.88
166.88
166.94
166.96
166.94
167.03
167.08
167.02
166.98
167.01
167.09
167.03
167.01
167.08
167.16
167.08
167.08
167.06
166.98
166.93
166.99
166.98
166.98
166.99
166.92
166.87
166.87
166.92
166.94
166.96
166.93
166.95
166.93
166.91
166.81
166.76
166.8
166.72
166.67
166.59
166.64
166.55
166.52
166.44
166.41
166.44
166.37
166.38
166.42
166.44
166.45
166.39
166.39
166.39
166.46
166.36
166.46
166.55
166.46
166.46
166.45
166.46
166.52
166.61
166.59
166.67
166.65
166.63
166.71
166.67
166.62
166.72
166.65
166.56
166.53
166.44
166.44
166.46
166.46
166.41
166.37
166.32
166.32
166.37
166.34
166.35
166.3
166.3
166.32
166.28
166.32
166.36
166.37
166.45
166.37
166.41
166.45
166.37
166.3
166.3
166.3
166.23
166.21
166.28
166.25
166.17
166.12
166.13
166.12
166.14
166.11
166.17
166.09
166.07
166.06
166.06
165.96
165.89
165.9
165.8
165.86
165.87
165.84
165.93
165.98
166.02
166.05
165.97
165.89
165.8
165.8
165.76
165.83
165.87
165.92
165.9
165.97
165.97
165.88
165.93
165.91
165.9
165.82
165.87
165.93
165.85
165.82
165.82
165.84
165.76
165.85
165.94
166.03
166.04
166.09
166.07
166.0
165.93
165.96
166.05
166.02
166.09
166.08
166.07
166.07
166.04
166.09
166.01
166.01
165.93
165.93
165.93
165.94
165.86
165.82
165.8
165.8
165.89
165.98
166.05
166.03
165.99
165.96
165.95
165.98
165.88
165.89
165.83
165.82
165.73
165.79
165.8
165.87
165.81
165.89
165.86
165.88
165.83
165.88
165.92
165.85
165.91
166.0
165.93
165.89
165.82
165.76
165.67
165.6
165.52
165.51
165.58
165.48
165.4
165.33
165.34
165.33
165.38
165.35
165.44
165.39
165.31
165.22
165.23
165.16
165.06
164.98
164.98
165.01
165.05
164.96
164.92
165.0
165.03
164.96
164.95
165.0
165.07
165.13
165.08
165.05
165.1
165.03
164.99
164.96
164.9
165.0
165.02
165.05
165.14
165.19
165.1
165.11
165.12
165.11
165.11
165.16
165.07
165.13
165.16
165.15
165.07
165.04
165.03
165.02
165.01
164.93
164.95
164.89
164.92
164.99
165.07
165.08
165.03
165.04
165.06
165.12
165.04
165.07
164.98
164.99
165.08
165.1
165.01
164.93
164.85
164.88
164.88
164.86
164.78
164.73
164.82
164.89
164.92
164.83
164.89
164.87
164.85
164.79
164.78
164.85
164.81
164.73
164.64
164.56
164.5
164.59
164.62
164.53
164.62
164.67
164.58
164.51
164.57
164.48
164.45
164.5
164.49
164.52
164.46
164.56
164.65
164.61
164.56
164.5
164.44
164.36
164.44
164.51
164.58
164.6
164.65
164.72
164.8
164.73
164.77
164.75
164.65
164.75
164.73
164.67
164.71
164.67
164.75
164.69
164.64
164.68
164.65
164.63
164.55
164.5
164.55
164.51
164.47
164.45
164.48
164.51
164.51
164.42
164.33
164.23
164.3
164.3
164.25
164.22
164.21
164.26
164.34
164.42
164.46
164.4
164.48
164.55
164.48
164.55
164.63
164.55
164.53
164.61
164.69
164.72
164.72
164.79
164.74
164.72
164.78
164.69
164.62
164.66
164.6
164.58
164.65
164.71
164.65
164.72
164.71
164.78
164.73
164.82
164.83
164.93
164.92
164.9
164.87
164.96
164.9
164.91
164.92
164.98
164.89
164.95
164.88
164.88
164.86
164.76
164.81
164.74
164.8
164.85
164.93
164.88
164.91
164.96
164.91
164.96
164.97
164.92
164.95
164.99
165.02
165.06
165.03
165.04
165.13
165.2
165.11
165.04
165.07
164.99
165.05
164.96
164.97
165.06
165.14
165.17
165.17
165.21
165.22
165.31
165.39
165.31
165.33
165.27
165.3
165.21
165.21
165.13
165.09
165.12
165.15
165.19
165.1
165.09
165.05
165.15
165.07
165.03
165.11
165.01
165.0
165.0
165.04
164.99
164.91
164.91
164.98
164.97
164.89
164.85
164.79
164.73
164.72
164.67
164.59
164.61
164.7
164.78
164.87
164.83
164.93
164.94
164.99
165.02
165.01
165.05
165.09
165.13
165.2
165.24
165.32
165.23
165.3
165.22
165.16
165.15
165.24
165.25
165.24
165.33
165.34
165.42
165.47
165.53
165.58
165.49
165.53
165.57
165.5
165.59
165.52
165.54
165.58
165.63
165.68
165.69
165.69
165.78
165.88
165.85
165.88
165.85
165.75
165.67
165.62
165.54
165.49
165.52
165.57
165.54
165.45
165.38
165.32
165.33
165.34
165.27
165.2
165.13
165.22
165.24
165.25
165.17
165.17
165.2
165.16
165.14
165.06
165.05
164.98
164.98
164.95
164.89
164.98
164.95
164.93
165.01
164.92
165.0
165.03
164.97
165.0
165.08
165.05
165.07
165.07
165.02
164.99
164.91
164.93
164.84
164.79
164.83
164.92
164.87
164.81
164.89
164.9
164.95
165.0
164.91
164.9
164.87
164.94
164.94
164.96
164.98
165.03
165.06
165.04
164.96
164.92
164.97
164.96
164.94
165.02
165.07
165.1
165.08
165.14
165.11
165.12
165.07
164.99
164.99
164.97
164.98
165.04
165.13
165.19
165.13
165.08
164.99
164.97
165.03
164.93
164.87
164.85
164.76
164.77
164.79
164.75
164.77
164.83
164.85
164.9
164.84
164.86
164.86
164.85
164.86
164.86
164.95
164.87
164.95
164.97
164.89
164.9
164.95
165.05
165.14
165.05
164.99
165.07
165.0
164.95
165.05
164.99
165.02
165.0
165.05
165.11
165.13
165.14
165.16
165.24
165.15
165.07
165.07
165.1
165.1
165.19
165.12
165.08
165.1
165.05
164.96
164.94
164.94
164.91
164.94
164.9
164.83
164.76
164.71
164.8
164.78
164.7
164.63
164.66
164.58
164.59
164.53
164.6
164.53
164.6
164.65
164.67
164.65
164.57
164.62
164.53
164.55
164.48
164.5
164.49
164.45
164.41
164.36
164.34
164.25
164.15
164.24
164.29
164.24
164.16
164.11
164.17
164.11
164.06
164.11
164.05
163.96
163.92
163.94
163.93
163.88
163.92
163.95
163.93
163.84
163.79
163.82
163.72
163.73
163.78
163.87
163.84
163.92
163.84
163.84
163.75
163.77
163.79
163.79
163.82
163.85
163.85
163.81
163.73
163.64
163.68
163.72
163.77
163.77
163.79
163.75
163.68
163.76
163.74
163.78
163.86
163.84
163.74
163.66
163.64
163.61
163.68
163.59
163.66
163.59
163.69
163.67
163.64
163.55
163.55
163.49
163.44
163.45
163.49
163.56
163.46
163.46
163.55
163.48
163.39
163.42
163.49
163.43
163.51
163.55
163.51
163.45
163.55
163.52
163.42
163.44
163.44
163.46
163.55
163.55
163.48
163.55
163.48
163.39
163.47
163.37
163.4
163.36
163.39
163.49
163.58
163.61
163.59
163.49
163.58
163.57
163.54
163.58
163.58
163.67
163.6
163.51
163.57
163.63
163.63
163.59
163.68
163.6
163.67
163.6
163.61
163.58
163.53
163.61
163.55
163.62
163.55
163.55
163.61
163.59
163.52
163.45
163.52
163.58
163.49
163.52
163.48
163.41
163.4
163.4
163.42
163.45
163.4
163.39
163.34
163.26
163.33
163.27
163.29
163.27
163.27
163.31
163.26
163.23
163.19
163.17
163.13
163.16
163.08
163.17
163.18
163.17
163.16
163.2
163.2
163.19
163.16
163.15
163.16
163.26
163.3
163.35
163.38
163.3
163.37
163.36
163.34
163.29
163.32
163.4
163.37
163.28
163.28
163.33
163.24
163.27
163.3
163.35
163.43
163.41
163.49
163.42
163.48
163.48
163.46
163.46
163.54
163.62
163.64
163.63
163.58
163.68
163.75
163.7
163.66
163.71
163.67
163.76
163.74
163.69
163.69
163.72
163.72
163.8
163.81
163.84
163.93
163.9
163.89
163.95
163.88
163.83
163.85
163.87
163.84
163.76
163.78
163.78
163.8
163.73
163.72
163.68
163.62
163.66
163.65
163.58
163.48
163.44
163.37
163.44
163.35
163.33
163.28
163.21
163.19
163.17
163.16
163.2
163.17
163.26
163.35
163.4
163.42
163.37
163.43
163.42
163.44
163.38
163.48
163.46
163.54
163.58
163.49
163.5
163.5
163.48
163.41
163.51
163.52
163.45
163.51
163.42
163.45
163.49
163.39
163.36
163.31
163.37
163.43
163.37
163.3
163.34
163.38
163.35
163.43
163.49
163.44
163.53
163.43
163.48
163.5
163.52
163.6
163.63
163.58
163.53
163.61
163.69
163.62
163.63
163.58
163.68
163.59
163.5
163.55
163.46
163.41
163.35
163.42
163.32
163.38
163.44
163.45
163.38
163.35
163.35
163.3
163.3
163.34
163.42
163.36
163.29
163.33
163.31
163.28
163.37
163.46
163.46
163.4
163.48
163.39
163.45
163.45
163.53
163.59
163.58
163.57
163.5
163.5
163.43
163.33
163.29
163.25
163.31
163.32
163.31
163.29
163.37
163.32
163.38
163.38
163.32
163.34
163.33
163.36
163.33
163.31
163.39
163.48
163.42
163.35
163.25
163.24
163.32
163.37
163.47
163.54
163.46
163.4
163.37
163.39
163.34
163.29
163.24
163.32
163.37
163.36
163.46
163.38
163.33
163.39
163.41
163.37
163.29
163.26
163.26
163.23
163.17
163.17
163.16
163.23
163.33
163.31
163.23
163.15
163.12
163.04
163.11
163.11
163.01
163.03
163.04
163.07
163.17
163.27
163.26
163.25
163.31
163.27
163.34
163.43
163.45
163.43
163.33
163.43
163.46
163.53
163.56
163.5
163.59
163.58
163.64
163.71
163.75
163.8
163.71
163.71
163.78
163.8
163.85
163.8
163.76
163.69
163.74
163.73
163.67
163.75
163.75
163.82
163.82
163.88
163.96
163.99
164.03
164.11
164.17
164.19
164.25
164.27
164.18
164.11
164.02
164.09
164.11
164.13
164.12
164.2
164.28
164.23
164.26
164.26
164.19
164.24
164.31
164.25
164.34
164.44
164.36
164.28
164.22
164.32
164.34
164.34
164.34
164.26
164.29
164.31
164.38
164.33
164.4
164.49
164.42
164.36
164.34
164.41
164.39
164.42
164.35
164.26
164.21
164.16
164.24
164.21
164.29
164.37
164.37
164.28
164.3
164.21
164.3
164.24
164.32
164.25
164.28
164.25
164.25
164.24
164.21
164.3
164.31
164.3
164.33
164.29
164.32
164.3
164.29
164.25
164.16
164.11
164.02
164.02
164.11
164.18
164.14
164.21
164.29
164.35
164.27
164.25
164.26
164.18
164.16
164.08
164.18
164.27
164.34
164.35
164.26
164.25
164.18
164.17
164.25
164.31
164.24
164.29
164.25
164.34
164.35
164.34
164.41
164.5
164.56
164.59
164.52
164.6
164.54
164.52
164.57
164.61
164.67
164.77
164.68
164.78
164.74
164.82
164.87
164.88
164.79
164.69
164.67
164.61
164.58
164.57
164.54
164.55
164.5
164.53
164.57
164.5
164.42
164.38
164.29
164.2
164.25
164.25
164.19
164.14
164.12
164.1
164.08
164.04
164.01
164.04
163.96
164.04
164.11
164.13
164.14
164.12
164.06
164.01
163.94
164.03
164.0
164.07
164.09
164.06
164.09
164.19
164.12
164.21
164.17
164.24
164.16
164.21
164.28
164.37
164.33
164.42
164.47
164.51
164.44
164.48
164.45
164.38
164.43
164.34
164.42
164.41
164.38
164.44
164.34
164.37
164.44
164.52
164.59
164.67
164.72
164.8
164.8
164.81
164.9
164.81
164.79
164.81
164.77
164.86
164.89
164.97
165.03
165.0
165.1
165.06
164.99
165.07
165.11
165.12
165.22
165.29
165.22
165.18
165.2
165.3
165.3
165.23
165.2
165.16
165.11
165.16
165.23
165.27
165.26
165.27
165.35
165.33
165.31
165.38
165.44
165.38
165.33
165.37
165.31
165.39
165.33
165.43
165.37
165.43
165.53
165.58
165.61
165.66
165.63
165.71
165.66
165.65
165.6
165.66
165.73
165.78
165.83
165.79
165.8
165.84
165.91
166.0
166.08
166.11
166.02
166.04
165.96
166.03
166.04
166.04
166.04
166.04
165.99
165.9
165.94
165.86
165.81
165.81
165.72
165.67
165.69
165.67
165.58
165.51
165.49
165.54
165.47
165.45
165.42
165.4
165.35
165.43
165.46
165.44
165.49
165.4
165.32
165.29
165.26
165.23
165.16
165.13
165.07
165.0
164.97
165.05
165.08
165.03
164.94
164.85
164.87
164.79
164.87
164.87
164.8
164.84
164.81
164.85
164.89
164.86
164.92
164.91
165.01
164.93
164.86
164.9
164.97
164.93
164.94
164.98
165.02
164.99
165.01
164.92
164.99
165.03
165.05
165.11
165.06
164.98
165.03
165.06
165.1
165.09
165.07
165.05
165.01
164.99
164.96
164.94
164.88
164.94
164.96
164.95
164.87
164.96
165.05
165.11
165.11
165.08
165.02
165.0
164.95
164.91
164.86
164.8
164.81
164.71
164.79
164.74
164.83
164.81
164.85
164.86
164.79
164.89
164.95
164.92
164.93
164.92
164.88
164.9
164.85
164.91
164.98
165.04
165.12
165.12
165.18
165.17
165.17
165.24
165.24
165.14
165.09
165.15
165.16
165.18
165.21
165.3
165.21
165.17
165.2
165.16
165.16
165.23
165.29
165.19
165.17
165.17
165.14
165.22
165.18
165.23
165.18
165.18
165.12
165.09
165.05
164.98
164.94
165.0
164.98
165.05
164.96
165.05
164.95
164.89
164.86
164.88
164.86
164.84
164.9
164.89
164.86
164.79
164.88
164.9
164.8
164.71
164.77
164.73
164.66
164.63
164.58
164.68
164.68
164.64
164.72
164.66
164.69
164.69
164.66
164.76
164.72
164.8
164.85
164.89
164.85
164.79
164.8
164.72
164.68
164.71
164.8
164.86
164.84
164.9
164.92
164.87
164.9
164.97
164.98
164.9
165.0
164.96
164.95
164.88
164.82
164.88
164.95
164.9
164.96
164.9
164.9
164.88
164.98
165.02
165.11
165.12
165.17
165.12
165.03
165.06
164.97
164.9
164.88
164.81
164.85
164.84
164.81
164.84
164.82
164.76
164.69
164.75
164.66
164.66
164.76
164.68
164.75
164.74
164.72
164.81
164.74
164.79
164.86
164.8
164.89
164.81
164.76
164.72
164.65
164.56
164.63
164.59
164.5
164.43
164.42
164.45
164.36
164.37
164.37
164.37
164.45
164.54
164.47
164.51
164.5
164.42
164.45
164.42
164.46
164.4
164.36
164.37
164.46
164.43
164.51
164.43
164.39
164.49
164.58
164.65
164.6
164.67
164.58
164.55
164.51
164.44
164.45
164.36
164.44
164.43
164.48
164.42
164.36
164.41
164.49
164.57
164.61
164.64
164.7
164.72
164.78
164.87
164.87
164.83
164.89
164.87
164.9
164.97
165.05
165.14
165.18
165.14
165.24
165.23
165.19
165.28
165.28
165.33
165.39
165.33
165.28
165.33
165.31
165.25
165.19
165.14
165.09
165.04
164.98
164.95
164.93
164.94
164.93
164.96
165.02
165.08
165.13
165.22
165.19
165.27
165.3
165.22
165.2
165.19
165.13
165.19
165.19
165.26
165.2
165.27
165.31
165.36
165.35
165.37
165.45
165.38
165.45
165.55
165.54
165.54
165.62
165.69
165.74
165.8
165.75
165.67
165.61
165.65
165.68
165.6
165.63
165.71
165.76
165.85
165.81
165.71
165.76
165.77
165.87
165.79
165.88
165.89
165.82
165.73
165.66
165.73
165.69
165.77
165.74
165.77
165.82
165.88
165.98
166.05
165.96
166.01
166.03
166.11
166.09
166.13
166.06
166.14
166.18
166.21
166.13
166.11
166.08
166.13
166.11
166.13
166.08
166.15
166.13
166.14
166.04
166.01
166.07
166.0
166.08
166.06
166.07
166.07
166.01
165.98
166.06
166.09
166.02
166.0
165.93
165.98
165.94
165.93
166.0
166.06
166.13
166.19
166.2
166.27
166.37
166.41
166.32
166.36
166.34
166.25
166.3
166.34
166.36
166.28
166.32
166.34
166.4
166.35
166.25
166.25
166.34
166.44
166.39
166.46
166.42
166.41
166.42
166.46
166.41
166.41
166.38
166.3
166.37
166.33
166.33
166.3
166.35
166.29
166.21
166.23
166.23
166.13
166.11
166.08
166.0
166.01
165.92
165.94
165.94
166.04
166.06
166.11
166.04
166.12
166.04
166.08
166.01
166.08
166.01
166.02
166.08
166.06
166.01
165.92
165.94
165.97
166.03
166.07
166.04
166.14
166.13
166.15
166.09
166.06
165.98
166.06
165.98
166.05
166.13
166.16
166.17
166.14
166.22
166.29
166.25
166.21
166.17
166.09
166.03
166.02
166.03
166.0
165.92
165.9
165.88
165.89
165.83
165.85
165.75
165.66
165.72
165.64
165.66
165.67
165.63
165.7
165.65
165.69
165.71
165.67
165.68
165.71
165.67
165.76
165.81
165.73
165.68
165.6
165.58
165.59
165.67
165.67
165.6
165.54
165.48
165.39
165.36
165.42
165.45
165.39
165.43
165.5
165.46
165.43
165.48
165.44
165.41
165.46
165.43
165.42
165.45
165.38
165.47
165.49
165.41
165.45
165.4
165.3
165.29
165.24
165.27
165.35
165.39
165.37
165.41
165.49
165.55
165.49
165.4
165.32
165.29
165.27
165.36
165.41
165.4
165.42
165.34
165.3
165.33
165.42
165.34
165.34
165.37
165.39
165.44
165.54
165.47
165.43
165.37
165.33
165.4
165.38
165.42
165.42
165.4
165.38
165.29
165.36
165.38
165.3
165.3
165.29
165.24
165.17
165.17
165.18
165.21
165.24
165.14
165.22
165.29
165.28
165.37
165.36
165.31
165.4
165.36
165.3
165.36
165.38
165.48
165.51
165.53
165.44
165.49
165.58
165.58
165.66
165.61
165.64
165.61
165.52
165.5
165.44
165.53
165.51
165.41
165.51
165.55
165.47
165.41
165.5
165.47
165.43
165.41
165.43
165.42
165.4
165.46
165.54
165.61
165.67
165.66
165.75
165.73
165.66
165.71
165.73
165.7
165.76
165.81
165.85
165.83
165.83
165.87
165.78
165.83
165.83
165.85
165.85
165.81
165.85
165.78
165.85
165.93
165.97
165.92
165.89
165.85
165.81
165.9
165.89
165.8
165.84
165.86
165.93
165.84
165.79
165.83
165.8
165.87
165.82
165.84
165.79
165.77
165.78
165.77
165.68
165.6
165.63
165.67
165.61
165.61
165.62
165.53
165.51
165.54
165.58
165.5
165.48
165.5
165.43
165.43
165.52
165.56
165.57
165.66
165.63
165.68
165.77
165.78
165.83
165.9
165.88
165.86
165.83
165.88
165.96
166.05
165.96
166.05
166.01
166.0
166.0
165.96
165.94
165.86
165.81
165.78
165.69
165.67
165.73
165.67
165.59
165.5
165.52
165.49
165.57
165.67
165.6
165.6
165.6
165.69
165.64
165.6
165.55
165.57
165.61
165.64
165.61
165.71
165.76
165.84
165.89
165.92
166.0
166.09
166.18
166.08
166.18
166.21
166.26
166.22
166.31
166.35
166.38
166.38
166.48
166.52
166.55
166.55
166.54
166.47
166.44
166.43
166.51
166.43
166.52
166.49
166.5
166.41
166.39
166.38
166.47
166.46
166.39
166.3
166.3
166.31
166.3
166.35
166.38
166.48
166.47
166.47
166.45
166.53
166.47
166.47
166.5
166.4
166.46
166.52
166.53
166.52
166.44
166.44
166.54
166.48
166.46
166.38
166.46
166.46
166.41
166.49
166.52
166.5
166.57
166.56
166.64
166.64
166.56
166.5
166.42
166.48
166.54
166.53
166.5
166.49
166.56
166.48
166.46
166.53
166.47
166.5
166.44
166.52
166.44
166.43
166.41
166.5
166.48
166.48
166.45
166.51
166.61
166.67
166.76
166.7
166.67
166.65
166.64
166.7
166.61
166.67
166.73
166.81
166.76
166.84
166.87
166.87
166.8
166.71
166.66
166.67
166.73
166.74
166.7
166.72
166.76
166.79
166.82
166.9
166.85
166.94
166.9
166.98
167.01
166.95
166.97
167.07
167.11
167.2
167.11
167.01
167.0
167.07
167.03
167.0
166.92
166.87
166.89
166.87
166.8
166.87
166.84
166.91
166.84
166.84
166.77
166.82
166.9
166.94
167.03
166.95
166.98
167.07
167.03
167.03
166.95
166.89
166.93
166.86
166.81
166.81
166.74
166.77
166.72
166.78
166.79
166.77
166.82
166.87
166.95
166.93
166.91
166.92
166.89
166.83
166.78
166.72
166.69
166.62
166.55
166.56
166.51
166.58
166.63
166.56
166.47
166.39
166.48
166.57
166.58
166.6
166.52
166.54
166.51
166.52
166.59
166.62
166.66
166.69
166.74
166.83
166.87
166.8
166.72
166.65
166.73
166.71
166.72
166.77
166.67
166.57
166.56
166.58
166.57
166.65
166.6
166.52
166.55
166.52
166.58
166.66
166.73
166.68
166.65
166.67
166.67
166.76
166.67
166.66
166.69
166.78
166.86
166.78
166.72
166.78
166.86
166.8
166.8
166.8
166.78
166.69
166.7
166.73
166.83
166.75
166.78
166.87
166.89
166.96
166.9
166.97
166.94
166.96
166.94
166.96
167.02
167.0
167.09
167.09
167.1
167.13
167.06
167.01
166.98
167.01
166.99
166.99
167.01
166.97
167.05
166.96
167.05
166.98
166.93
166.97
166.98
166.98
166.9
166.84
166.82
166.79
166.74
166.65
166.71
166.77
166.77
166.71
166.76
166.72
166.78
166.77
166.84
166.84
166.92
166.93
166.84
166.91
167.01
167.08
166.99
166.95
166.97
166.91
166.84
166.82
166.75
166.74
166.68
166.62
166.63
166.6
166.53
166.5
166.57
166.62
166.64
166.71
166.72
166.74
166.75
166.72
166.77
166.72
166.62
166.69
166.73
166.63
166.7
166.75
166.83
166.91
166.84
166.8
166.74
166.73
166.67
166.63
166.7
166.65
166.57
166.62
166.64
166.74
166.68
166.62
166.52
166.57
166.54
166.54
166.49
166.52
166.46
166.39
166.48
166.51
166.49
166.5
166.43
166.46
166.55
166.55
166.55
166.59
166.49
166.48
166.43
166.53
166.5
166.56
166.65
166.71
166.69
166.71
166.75
166.77
166.67
166.59
166.68
166.7
166.8
166.8
166.85
166.93
166.95
166.95
167.02
166.98
167.02
167.03
167.08
167.03
166.98
166.9
166.95
166.91
166.88
166.82
166.8
166.77
166.79
166.79
166.86
166.85
166.94
166.88
166.86
166.82
166.9
166.98
167.07
167.14
167.18
167.2
167.15
167.12
167.08
167.09
167.14
167.08
167.02
167.12
167.07
167.16
167.15
167.13
167.07
166.99
166.91
166.89
166.95
166.96
167.05
167.15
167.18
167.16
167.08
167.12
167.21
167.18
167.23
167.27
167.3
167.21
167.14
167.13
167.23
167.28
167.19
167.14
167.18
167.15
167.09
167.18
167.25
167.25
167.17
167.25
167.3
167.33
167.28
167.29
167.3
167.21
167.18
167.14
167.08
167.06
167.11
167.12
167.17
167.2
167.13
167.22
167.29
167.22
167.3
167.29
167.24
167.21
167.11
167.08
167.01
166.93
166.94
166.96
167.01
166.93
166.89
166.8
166.74
166.67
166.69
166.62
166.68
166.76
166.68
166.75
166.7
166.71
166.65
166.63
166.54
166.58
166.56
166.58
166.52
166.58
166.5
166.51
166.53
166.58
166.6
166.53
166.47
166.52
166.5
166.48
166.43
166.5
166.49
166.56
166.56
166.47
166.55
166.57
166.54
166.45
166.48
166.42
166.49
166.59
166.57
166.66
166.61
166.64
166.7
166.67
166.58
166.67
166.62
166.57
166.59
166.64
166.68
166.77
166.81
166.86
166.91
166.95
166.94
166.88
166.93
166.9
166.87
166.82
166.79
166.71
166.68
166.75
166.67
166.72
166.75
166.66
166.67
166.57
166.64
166.73
166.74
166.82
166.73
166.64
166.63
166.58
166.57
166.64
166.56
166.49
166.41
166.32
166.34
166.41
166.38
166.47
166.54
166.53
166.58
166.65
166.74
166.71
166.73
166.75
166.68
166.74
166.74
166.78
166.69
166.69
166.71
166.71
166.62
166.68
166.61
166.63
166.59
166.67
166.6
166.52
166.5
166.42
166.46
166.42
166.36
166.43
166.44
166.35
166.3
166.27
166.21
166.3
166.26
166.2
166.26
166.36
166.27
166.17
166.24
166.2
166.27
166.2
166.24
166.23
166.19
166.17
166.19
166.25
166.33
166.42
166.37
166.43
166.49
166.49
166.41
166.33
166.35
166.44
166.34
166.42
166.4
166.48
166.53
166.62
166.71
166.8
166.83
166.81
166.76
166.75
166.65
166.64
166.72
166.75
166.67
166.69
166.75
166.69
166.63
166.69
166.61
166.55
166.57
166.61
166.52
166.55
166.5
166.46
166.46
166.41
166.49
166.54
166.61
166.51
166.49
166.48
166.5
166.51
166.5
166.51
166.58
166.67
166.69
166.59
166.52
166.6
166.56
166.47
166.49
166.52
166.54
166.57
166.56
166.58
166.51
166.51
166.45
166.51
166.49
166.51
166.46
166.42
166.41
166.47
166.52
166.43
166.51
166.57
166.65
166.56
166.64
166.72
166.8
166.8
166.79
166.82
166.88
166.91
166.96
166.93
167.01
167.02
167.07
167.02
166.92
166.96
166.96
167.0
166.98
167.03
167.03
167.11
167.03
167.0
167.02
166.99
167.07
167.15
167.14
167.07
166.99
167.0
167.06
167.13
167.07
167.06
167.04
166.97
167.0
167.09
167.14
167.15
167.2
167.2
167.17
167.25
167.21
167.21
167.22
167.16
167.09
167.1
167.18
167.27
167.24
167.28
167.32
167.3
167.26
167.16
167.06
167.1
167.12
167.07
167.05
166.98
167.0
167.02
166.96
166.99
166.92
166.93
166.89
166.86
166.96
167.02
167.1
167.17
167.26
167.21
167.15
167.11
167.15
167.19
167.27
167.18
167.24
167.16
167.09
167.05
167.03
167.07
167.04
166.99
166.99
167.0
166.96
166.97
166.87
166.92
166.91
166.86
166.95
167.04
167.09
167.1
167.08
167.18
167.15
167.19
167.27
167.24
167.3
167.28
167.3
167.27
167.22
167.3
167.4
167.42
167.45
167.43
167.43
167.38
167.38
167.46
167.49
167.53
167.59
167.67
167.66
167.75
167.66
167.67
167.67
167.67
167.63
167.57
167.48
167.38
167.43
167.48
167.51
167.51
167.48
167.45
167.5
167.55
167.65
167.61
167.53
167.53
167.57
167.51
167.56
167.66
167.59
167.5
167.56
167.66
167.58
167.65
167.62
167.65
167.69
167.79
167.88
167.79
167.8
167.71
167.79
167.74
167.65
167.72
167.63
167.59
167.59
167.64
167.55
167.54
167.63
167.56
167.58
167.59
167.67
167.69
167.61
167.6
167.61
167.59
167.49
167.54
167.45
167.43
167.47
167.55
167.49
167.46
167.56
167.55
167.6
167.65
167.62
167.55
167.56
167.55
167.47
167.46
167.51
167.6
167.54
167.54
167.49
167.58
167.49
167.57
167.65
167.7
167.76
167.75
167.7
167.69
167.69
167.65
167.7
167.75
167.69
167.62
167.68
167.64
167.68
167.6
167.59
167.56
167.5
167.51
167.49
167.44
167.37
167.39
167.32
167.28
167.24
167.15
167.12
167.2
167.3
167.31
167.39
167.32
167.41
167.4
167.37
167.36
167.42
167.46
167.51
167.55
167.48
167.39
167.47
167.38
167.38
167.42
167.49
167.47
167.51
167.43
167.36
167.31
167.22
167.31
167.27
167.31
167.32
167.29
167.24
167.27
167.23
167.26
167.22
167.25
167.27
167.22
167.3
167.32
167.22
167.18
167.13
167.11
167.15
167.21
167.29
167.21
167.28
167.34
167.33
167.27
167.36
167.35
167.4
167.3
167.23
167.19
167.16
167.24
167.19
167.21
167.17
167.22
167.26
167.18
167.21
167.19
167.21
167.21
167.17
167.13
167.14
167.23
167.24
167.26
167.19
167.22
167.19
167.12
167.13
167.19
167.28
167.25
167.17
167.19
167.1
167.1
167.01
166.94
166.89
166.9
166.86
166.92
166.99
166.98
166.99
166.91
166.99
167.02
167.0
166.95
166.99
166.92
166.9
166.9
166.88
166.83
166.83
166.84
166.74
166.81
166.72
166.75
166.82
166.89
166.81
166.71
166.61
166.55
166.61
166.71
166.79
166.86
166.92
166.86
166.81
166.83
166.78
166.83
166.75
166.65
166.66
166.62
166.57
166.65
166.71
166.77
166.82
166.85
166.92
166.86
166.85
166.8
166.7
166.8
166.89
166.95
166.97
166.97
166.91
166.82
166.9
166.97
166.92
166.92
167.02
166.94
166.92
167.01
167.04
167.01
166.99
166.97
166.93
166.83
166.79
166.89
166.98
167.01
167.01
167.08
167.0
167.03
167.12
167.11
167.02
167.0
167.09
167.03
167.02
167.1
167.15
167.06
167.09
167.15
167.24
167.2
167.23
167.24
167.26
167.3
167.22
167.22
167.31
167.36
167.34
167.39
167.32
167.26
167.2
167.21
167.12
167.17
167.22
167.19
167.19
167.12
167.15
167.19
167.12
167.05
166.99
166.91
166.97
167.06
167.07
167.11
167.04
167.1
167.12
167.15
167.23
167.27
167.23
167.21
167.17
167.25
167.18
167.21
167.27
167.25
167.3
167.29
167.21
167.21
167.11
167.11
167.08
167.12
167.16
167.14
167.16
167.07
167.0
166.98
167.06
167.02
166.95
167.01
167.02
166.99
167.07
167.12
167.13
167.09
167.14
167.04
167.0
167.09
167.18
167.27
167.21
167.25
167.18
167.12
167.08
167.01
167.05
167.03
166.96
166.91
166.87
166.89
166.96
167.05
167.14
167.19
167.2
167.14
167.23
167.27
167.31
167.4
167.36
167.28
167.25
167.3
167.34
167.24
167.15
167.22
167.24
167.23
167.14
167.24
167.17
167.21
167.12
167.09
167.0
167.07
166.97
167.01
167.0
166.94
166.93
166.96
166.92
166.84
166.88
166.84
166.79
166.83
166.93
166.94
166.97
166.91
166.87
166.96
166.9
166.92
166.92
166.86
166.87
166.93
166.97
166.91
166.93
166.99
167.02
166.99
166.97
167.01
167.02
166.99
166.93
166.95
167.02
166.97
166.94
166.98
166.98
166.97
166.88
166.87
166.81
166.79
166.7
166.66
166.75
166.81
166.73
166.67
166.76
166.7
166.67
166.75
166.7
166.68
166.76
166.82
166.76
166.84
166.9
166.98
166.98
167.04
167.0
166.99
166.92
167.0
167.02
167.12
167.2
167.24
167.32
167.31
167.32
167.26
167.36
167.37
167.37
167.36
167.36
167.35
167.44
167.45
167.47
167.44
167.46
167.51
167.44
167.35
167.36
167.43
167.51
167.55
167.6
167.59
167.64
167.65
167.71
167.69
167.64
167.71
167.64
167.62
167.67
167.58
167.64
167.55
167.59
167.55
167.55
167.51
167.45
167.53
167.5
167.41
167.47
167.42
167.37
167.29
167.38
167.33
167.29
167.36
167.35
167.4
167.36
167.26
167.31
167.34
167.31
167.37
167.36
167.33
167.38
167.35
167.44
167.44
167.51
167.56
167.54
167.51
167.55
167.56
167.54
167.63
167.66
167.74
167.73
167.66
167.73
167.78
167.74
167.74
167.79
167.75
167.81
167.72
167.78
167.7
167.78
167.74
167.75
167.69
167.75
167.74
167.67
167.58
167.57
167.66
167.6
167.67
167.75
167.75
167.77
167.87
167.85
167.9
167.87
167.86
167.84
167.91
167.89
167.98
167.88
167.88
167.86
167.95
167.88
167.9
167.89
167.82
167.74
167.68
167.66
167.61
167.52
167.46
167.49
167.56
167.46
167.54
167.61
167.68
167.65
167.67
167.73
167.65
167.67
167.64
167.73
167.75
167.83
167.8
167.72
167.7
167.71
167.62
167.64
167.72
167.7
167.63
167.57
167.54
167.62
167.6
167.66
167.61
167.59
167.68
167.74
167.81
167.82
167.76
167.7
167.78
167.77
167.81
167.73
167.67
167.58
167.56
167.59
167.69
167.78
167.82
167.87
167.96
168.01
168.0
168.07
168.08
168.08
168.17
168.16
168.16
168.08
168.17
168.09
168.01
168.0
167.99
167.97
167.97
167.89
167.98
168.02
167.95
167.88
167.94
168.01
168.09
168.03
167.94
168.0
168.05
168.06
168.1
168.18
168.26
168.28
168.38
168.4
168.33
168.26
168.24
168.21
168.22
168.13
168.07
168.15
168.1
168.13
168.2
168.13
168.06
167.97
168.05
167.99
168.06
168.01
168.06
168.09
168.09
168.13
168.21
168.31
168.39
168.35
168.37
168.36
168.34
168.4
168.34
168.44
168.39
168.3
168.27
168.21
168.22
168.13
168.2
168.18
168.08
168.03
168.0
167.98
168.03
168.03
168.12
168.17
168.09
168.19
168.22
168.31
168.37
168.31
168.4
168.37
168.32
168.28
168.19
168.17
168.21
168.18
168.12
168.02
167.97
167.96
167.91
167.81
167.78
167.75
167.85
167.88
167.96
167.99
168.01
167.95
167.96
168.03
168.06
167.99
167.99
167.91
167.9
167.99
167.93
167.93
167.83
167.84
167.86
167.91
167.82
167.83
167.88
167.97
167.89
167.79
167.89
167.82
167.87
167.93
168.0
167.93
167.87
167.88
167.97
167.87
167.95
167.95
167.89
167.88
167.88
167.81
167.74
167.72
167.72
167.7
167.7
167.71
167.74
167.72
167.68
167.7
167.78
167.76
167.71
167.74
167.83
167.85
167.78
167.79
167.7
167.77
167.73
167.69
167.76
167.71
167.74
167.67
167.74
167.64
167.66
167.61
167.62
167.66
167.66
167.61
167.66
167.66
167.63
167.73
167.78
167.79
167.88
167.88
167.91
167.93
167.94
167.97
167.96
168.03
167.95
167.98
168.02
168.0
168.06
168.03
168.03
168.0
167.93
167.99
168.09
168.03
168.04
168.02
167.97
168.01
168.04
168.06
168.04
167.97
167.88
167.9
167.81
167.76
167.83
167.91
167.87
167.85
167.9
167.94
168.01
167.95
167.88
167.83
167.9
167.89
167.87
167.79
167.7
167.8
167.87
167.81
167.76
167.7
167.71
167.72
167.69
167.73
167.72
167.65
167.73
167.73
167.77
167.75
167.73
167.68
167.72
167.72
167.74
167.75
167.79
167.81
167.8
167.88
167.82
167.78
167.81
167.9
167.94
167.99
167.91
167.97
167.94
167.91
167.88
167.81
167.9
167.81
167.88
167.86
167.86
167.93
167.98
167.93
167.96
168.04
168.02
167.93
167.92
167.92
167.97
168.03
167.99
167.96
167.9
167.83
167.74
167.82
167.86
167.88
167.95
168.03
168.03
168.06
168.08
168.15
168.18
168.1
168.12
168.04
168.05
168.15
168.17
168.18
168.26
168.21
168.18
168.22
168.27
168.3
168.33
168.33
168.31
168.37
168.34
168.41
168.37
168.31
168.31
168.27
168.33
168.26
168.31
168.36
168.41
168.32
168.33
168.39
168.38
168.36
168.31
168.38
168.31
168.32
168.26
168.2
168.27
168.23
168.15
168.22
168.3
168.31
168.34
168.39
168.35
168.36
168.36
168.31
168.3
168.37
168.35
168.45
168.44
168.37
168.32
168.4
168.43
168.49
168.49
168.53
168.45
168.47
168.41
168.34
168.39
168.33
168.35
168.29
168.29
168.36
168.31
168.36
168.43
168.5
168.45
168.48
168.48
168.38
168.43
168.51
168.59
168.61
168.63
168.71
168.65
168.59
168.61
168.69
168.76
168.67
168.67
168.62
168.56
168.53
168.63
168.64
168.61
168.67
168.66
168.62
168.68
168.61
168.56
168.54
168.58
168.5
168.49
168.58
168.59
168.6
168.64
168.62
168.53
168.46
168.39
168.48
168.56
168.54
168.57
168.59
168.62
168.56
168.66
168.57
168.6
168.53
168.62
168.54
168.63
168.61
168.54
168.55
168.61
168.66
168.68
168.75
168.83
168.8
168.78
168.74
168.73
168.71
168.7
168.74
168.68
168.76
168.7
168.76
168.66
168.71
168.75
168.77
168.7
168.79
168.86
168.78
168.85
168.82
168.73
168.63
168.64
168.6
168.65
168.67
168.72
168.68
168.71
168.76
168.75
168.77
168.82
168.9
168.97
168.98
168.99
168.92
169.01
168.98
168.95
169.0
168.99
168.93
168.94
169.01
168.97
169.0
169.01
169.07
169.04
168.95
169.04
169.0
168.92
168.92
168.97
169.03
168.97
169.02
169.0
169.08
168.99
168.9
168.99
168.9
169.0
169.08
169.14
169.15
169.19
169.14
169.23
169.31
169.27
169.27
169.19
169.28
169.32
169.24
169.15
169.15
169.16
169.11
169.11
169.17
169.17
169.22
169.29
169.27
169.18
169.16
169.16
169.18
169.22
169.27
169.19
169.1
169.06
169.01
169.11
169.02
168.94
169.01
169.04
169.03
169.08
169.14
169.08
169.13
169.21
169.24
169.23
169.23
169.22
169.31
169.22
169.25
169.32
169.22
169.22
169.2
169.12
169.16
169.24
169.16
169.21
169.25
169.16
169.15
169.16
169.22
169.25
169.22
169.3
169.29
169.2
169.22
169.22
169.27
169.35
169.3
169.37
169.42
169.52
169.49
169.47
169.39
169.35
169.38
169.36
169.42
169.38
169.28
169.26
169.31
169.27
169.28
169.38
169.43
169.42
169.43
169.51
169.47
169.41
169.49
169.55
169.46
169.37
169.42
169.35
169.28
169.32
169.28
169.32
169.32
169.31
169.4
169.36
169.28
169.31
169.23
169.21
169.2
169.14
169.23
169.23
169.17
169.16
169.21
169.24
169.31
169.25
169.32
169.36
169.31
169.29
169.36
169.36
169.45
169.45
169.49
169.45
169.54
169.61
169.64
169.67
169.59
169.57
169.59
169.52
169.61
169.67
169.73
169.81
169.72
169.65
169.59
169.67
169.74
169.77
169.77
169.7
169.61
169.68
169.71
169.79
169.78
169.7
169.71
169.64
169.67
169.66
169.74
169.69
169.74
169.81
169.78
169.81
169.72
169.82
169.81
169.81
169.74
169.8
169.74
169.8
169.75
169.76
169.69
169.67
169.62
169.65
169.57
169.64
169.55
169.59
169.5
169.53
169.43
169.49
169.42
169.34
169.35
169.29
169.19
169.12
169.14
169.14
169.07
169.1
169.03
169.0
168.93
168.9
168.9
168.94
168.89
168.86
168.77
168.82
168.87
168.91
168.84
168.84
168.87
168.79
168.86
168.87
168.82
168.72
168.67
168.62
168.64
168.68
168.62
168.59
168.63
168.69
168.69
168.76
168.77
168.74
168.76
168.72
168.68
168.75
168.78
168.69
168.62
168.59
168.56
168.61
168.52
168.5
168.48
168.46
168.47
168.51
168.52
168.48
168.43
168.49
168.59
168.68
168.75
168.72
168.8
168.71
168.61
168.55
168.48
168.45
168.5
168.45
168.49
168.52
168.55
168.53
168.58
168.58
168.6
168.57
168.54
168.55
168.57
168.51
168.45
168.45
168.36
168.34
168.36
168.32
168.23
168.22
168.18
168.17
168.09
168.06
168.16
168.06
168.12
168.11
168.21
168.12
168.07
168.13
168.11
168.17
168.13
168.14
168.07
168.01
168.02
167.97
167.99
167.9
167.85
167.82
167.77
167.83
167.91
167.83
167.87
167.93
167.93
167.83
167.77
167.76
167.81
167.89
167.98
167.97
168.03
168.09
168.13
168.15
168.11
168.06
167.97
167.97
167.9
167.82
167.79
167.83
167.83
167.92
167.86
167.84
167.84
167.94
168.01
168.09
168.0
167.92
167.86
167.81
167.88
167.97
167.95
167.97
167.93
167.98
167.89
167.95
167.87
167.77
167.82
167.91
167.83
167.89
167.93
167.97
167.98
167.92
167.95
167.86
167.91
168.01
168.0
167.97
167.96
167.93
168.02
167.93
168.01
168.0
168.09
168.12
168.12
168.16
168.12
168.14
168.12
168.11
168.03
168.03
168.01
168.04
168.01
168.08
168.09
168.15
168.12
168.19
168.1
168.18
168.14
168.2
168.13
168.11
168.18
168.17
168.21
168.31
168.38
168.32
168.37
168.38
168.43
168.36
168.37
168.4
168.48
168.5
168.57
168.48
168.41
168.39
168.32
168.31
168.32
168.32
168.34
168.25
168.26
168.36
168.44
168.42
168.37
168.36
168.31
168.25
168.19
168.16
168.15
168.08
168.15
168.19
168.24
168.2
168.13
168.05
168.06
168.15
168.16
168.12
168.1
168.05
168.15
168.15
168.24
168.23
168.3
168.21
168.29
168.37
168.43
168.49
168.48
168.56
168.62
168.57
168.47
168.37
168.29
168.23
168.3
168.31
168.32
168.34
168.37
168.27
168.36
168.29
168.23
168.15
168.07
168.15
168.08
168.14
168.15
168.06
168.15
168.2
168.24
168.14
168.2
168.18
168.17
168.21
168.29
168.38
168.4
168.38
168.44
168.48
168.5
168.6
168.57
168.51
168.51
168.53
168.53
168.6
168.62
168.63
168.63
168.71
168.65
168.64
168.59
168.66
168.71
168.8
168.89
168.95
168.92
168.99
168.9
168.88
168.82
168.77
168.81
168.86
168.79
168.81
168.87
168.83
168.77
168.7
168.69
168.64
168.58
168.65
168.6
168.67
168.77
168.81
168.83
168.76
168.83
168.92
168.93
168.9
168.93
168.89
168.88
168.92
169.0
168.96
169.01
168.98
168.95
168.88
168.85
168.87
168.87
168.87
168.82
168.79
168.7
168.71
168.79
168.82
168.91
168.86
168.9
168.87
168.78
168.87
168.85
168.81
168.71
168.76
168.74
168.64
168.67
168.67
168.7
168.78
168.82
168.83
168.74
168.7
168.76
168.77
168.86
168.88
168.96
168.87
168.95
169.02
169.12
169.07
169.14
169.19
169.1
169.09
169.18
169.24
169.25
169.28
169.26
169.29
169.2
169.27
169.32
169.31
169.34
169.39
169.36
169.27
169.29
169.24
169.32
169.34
169.3
169.22
169.2
169.22
169.27
169.25
169.19
169.09
169.11
169.21
169.14
169.15
169.23
169.23
169.32
169.32
169.3
169.38
169.28
169.34
169.29
169.37
169.37
169.47
169.41
169.44
169.52
169.6
169.69
169.64
169.72
169.62
169.6
169.52
169.49
169.52
169.49
169.53
169.47
169.52
169.44
169.51
169.47
169.5
169.55
169.53
169.57
169.67
169.68
169.74
169.78
169.82
169.88
169.9
169.84
169.75
169.82
169.81
169.81
169.76
169.67
169.69
169.65
169.61
169.69
169.69
169.71
169.75
169.79
169.7
169.7
169.77
169.8
169.79
169.72
169.71
169.71
169.8
169.89
169.79
169.82
169.8
169.87
169.91
169.82
169.89
169.92
169.96
169.99
169.93
169.93
169.93
169.84
169.8
169.84
169.85
169.88
169.85
169.93
169.87
169.8
169.72
169.74
169.66
169.75
169.66
169.68
169.69
169.59
169.53
169.61
169.54
169.55
169.62
169.67
169.61
169.7
169.66
169.67
169.73
169.71
169.78
169.76
169.67
169.67
169.66
169.63
169.64
169.62
169.68
169.64
169.59
169.49
169.48
169.53
169.62
169.53
169.52
169.45
169.52
169.53
169.46
169.56
169.64
169.65
169.62
169.53
169.56
169.64
169.55
169.61
169.59
169.62
169.62
169.54
169.49
169.54
169.55
169.57
169.57
169.58
169.49
169.58
169.65
169.64
169.73
169.64
169.7
169.6
169.58
169.65
169.57
169.65
169.59
169.63
169.56
169.63
169.72
169.8
169.82
169.87
169.95
169.98
170.07
170.04
170.03
170.13
170.1
170.18
170.21
170.13
170.09
170.12
170.22
170.23
170.24
170.18
170.2
170.29
170.27
170.24
170.19
170.19
170.23
170.14
170.19
170.11
170.16
170.11
170.05
170.1
170.09
170.17
170.26
170.17
170.23
170.21
170.11
170.17
170.07
170.14
170.1
170.0
170.02
169.98
169.95
170.02
170.12
170.09
170.17
170.24
170.17
170.08
170.05
170.1
170.07
169.97
169.96
170.04
170.12
170.14
170.08
170.15
170.19
170.1
170.13
170.19
170.21
170.29
170.24
170.28
170.36
170.42
170.45
170.45
170.42
170.34
170.3
170.27
170.19
170.1
170.15
170.24
170.23
170.29
170.32
170.24
170.33
170.28
170.19
170.09
170.11
170.15
170.05
170.14
170.18
170.13
170.14
170.23
170.21
170.14
170.15
170.07
169.98
169.97
169.98
169.97
169.89
169.98
169.92
169.97
170.06
170.13
170.18
170.09
170.03
170.02
170.07
170.11
170.18
170.09
170.07
169.98
170.04
169.98
169.88
169.89
169.87
169.92
169.88
169.88
169.84
169.83
169.74
169.84
169.8
169.73
169.72
169.78
169.72
169.72
169.74
169.68
169.63
169.72
169.8
169.72
169.74
169.7
169.73
169.7
169.62
169.59
169.5
169.49
169.47
169.55
169.56
169.58
169.51
169.46
169.44
169.38
169.45
169.35
169.28
169.31
169.35
169.45
169.38
169.34
169.43
169.33
169.38
169.43
169.4
169.45
169.53
169.52
169.59
169.68
169.64
169.66
169.66
169.69
169.6
169.62
169.53
169.57
169.57
169.67
169.63
169.68
169.69
169.64
169.69
169.67
169.72
169.63
169.6
169.69
169.75
169.8
169.78
169.75
169.82
169.89
169.85
169.78
169.86
169.8
169.76
169.74
169.81
169.86
169.83
169.91
169.85
169.76
169.81
169.72
169.79
169.8
169.87
169.91
169.82
169.8
169.84
169.8
169.81
169.72
169.66
169.62
169.7
169.74
169.65
169.71
169.72
169.67
169.67
169.76
169.81
169.78
169.73
169.72
169.7
169.63
169.7
169.74
169.79
169.85
169.9
169.91
169.81
169.73
169.83
169.84
169.94
169.86
169.83
169.83
169.75
169.85
169.76
169.73
169.74
169.81
169.88
169.91
169.89
169.93
169.83
169.74
169.67
169.73
169.81
169.72
169.76
169.77
169.75
169.74
169.68
169.71
169.66
169.63
169.68
169.61
169.65
169.68
169.67
169.76
169.8
169.71
169.72
169.64
169.57
169.66
169.69
169.59
169.64
169.72
169.77
169.75
169.82
169.87
169.85
169.94
169.89
169.82
169.89
169.82
169.77
169.86
169.81
169.81
169.78
169.8
169.7
169.62
169.61
169.65
169.73
169.82
169.76
169.77
169.76
169.76
169.84
169.9
169.9
169.9
169.94
169.94
169.88
169.84
169.93
169.85
169.91
169.89
169.85
169.93
169.97
169.93
169.95
170.04
169.95
170.01
169.97
170.01
170.09
170.09
170.06
170.13
170.17
170.17
170.25
170.2
170.17
170.17
170.08
170.03
169.99
169.94
170.01
170.05
170.11
170.04
169.98
169.89
169.93
169.84
169.94
169.85
169.81
169.8
169.81
169.76
169.84
169.9
169.92
169.89
169.93
169.88
169.79
169.7
169.74
169.69
169.75
169.67
169.68
169.64
169.64
169.56
169.49
169.49
169.46
169.46
169.49
169.5
169.49
169.43
169.39
169.48
169.53
169.63
169.6
169.55
169.51
169.44
169.42
169.4
169.47
169.48
169.52
169.42
169.48
169.47
169.47
169.47
169.5
169.59
169.57
169.58
169.65
169.64
169.62
169.56
169.58
169.58
169.67
169.73
169.79
169.83
169.78
169.78
169.86
169.83
169.78
169.76
169.8
169.77
169.67
169.74
169.65
169.73
169.64
169.59
169.66
169.57
169.63
169.67
169.67
169.69
169.73
169.7
169.7
169.67
169.65
169.72
169.69
169.66
169.73
169.78
169.73
169.8
169.86
169.83
169.9
169.91
169.99
169.99
170.08
170.16
170.11
170.08
170.15
170.14
170.19
170.18
170.23
170.33
170.33
170.27
170.35
170.32
170.35
170.39
170.36
170.37
170.35
170.34
170.36
170.44
170.4
170.34
170.29
170.35
170.42
170.37
170.41
170.37
170.41
170.43
170.49
170.57
170.62
170.58
170.53
170.47
170.54
170.51
170.49
170.41
170.31
170.36
170.44
170.39
170.34
170.4
170.31
170.25
170.34
170.43
170.38
170.32
170.3
170.28
170.3
170.34
170.31
170.33
170.42
170.46
170.53
170.58
170.51
170.56
170.58
170.65
170.72
170.68
170.74
170.74
170.74
170.68
170.77
170.77
170.74
170.73
170.71
170.68
170.59
170.66
170.74
170.84
170.87
170.8
170.78
170.77
170.79
170.77
170.72
170.68
170.77
170.85
170.79
170.79
170.84
170.88
170.9
170.98
171.02
170.98
171.01
171.03
171.12
171.17
171.26
171.32
171.42
171.41
171.32
171.41
171.45
171.49
171.43
171.51
171.52
171.59
171.56
171.63
171.65
171.6
171.55
171.49
171.59
171.66
171.64
171.58
171.53
171.59
171.67
171.67
171.72
171.64
171.64
171.65
171.68
171.75
171.71
171.68
171.61
171.64
171.64
171.56
171.47
171.49
171.5
171.54
171.59
171.63
171.53
171.44
171.54
171.49
171.45
171.43
171.36
171.29
171.33
171.25
171.19
171.24
171.34
171.24
171.25
171.17
171.15
171.16
171.09
171.12
171.22
171.29
171.33
171.34
171.25
171.22
171.23
171.22
171.29
171.36
171.37
171.45
171.49
171.53
171.5
171.53
171.55
171.55
171.51
171.49
171.59
171.67
171.6
171.66
171.6
171.59
171.53
171.49
171.51
171.45
171.46
171.38
171.36
171.43
171.34
171.42
171.33
171.35
171.3
171.33
171.3
171.32
171.23
171.29
171.35
171.37
171.28
171.2
171.29
171.34
171.42
171.35
171.28
171.38
171.38
171.4
171.33
171.29
171.33
171.36
171.29
171.28
171.35
171.31
171.38
171.38
171.38
171.36
171.31
171.35
171.3
171.39
171.39
171.45
171.49
171.41
171.37
171.4
171.43
171.5
171.53
171.59
171.59
171.66
171.7
171.75
171.67
171.61
171.66
171.75
171.73
171.66
171.74
171.65
171.67
171.59
171.65
171.69
171.71
171.69
171.78
171.78
171.78
171.77
171.8
171.74
171.74
171.77
171.78
171.7
171.62
171.67
171.63
171.7
171.66
171.73
171.69
171.75
171.76
171.7
171.63
171.64
171.64
171.6
171.53
171.53
171.59
171.5
171.53
171.52
171.52
171.6
171.61
171.55
171.54
171.52
171.47
171.49
171.49
171.43
171.4
171.43
171.34
171.3
171.39
171.36
171.38
171.29
171.32
171.23
171.32
171.3
171.22
171.24
171.21
171.12
171.2
171.18
171.25
171.24
171.3
171.24
171.26
171.34
171.39
171.33
171.31
171.21
171.26
171.24
171.18
171.25
171.24
171.27
171.2
171.29
171.33
171.26
171.28
171.27
171.37
171.39
171.41
171.45
171.49
171.54
171.59
171.66
171.67
171.58
171.59
171.49
171.42
171.44
171.48
171.52
171.59
171.6
171.56
171.52
171.51
171.48
171.42
171.39
171.32
171.39
171.4
171.32
171.34
171.4
171.49
171.43
171.36
171.29
171.38
171.4
171.3
171.35
171.36
171.44
171.38
171.28
171.32
171.28
171.19
171.19
171.14
171.23
171.24
171.15
171.22
171.31
171.27
171.17
171.21
171.24
171.17
171.23
171.18
171.18
171.1
171.18
171.13
171.22
171.21
171.2
171.2
171.13
171.18
171.15
171.08
171.14
171.11
171.01
171.11
171.02
171.02
171.08
171.0
170.95
171.02
170.99
170.98
170.95
170.97
171.0
170.99
171.09
171.08
171.0
170.97
170.88
170.89
170.88
170.9
170.96
170.91
170.88
170.9
170.94
171.03
171.08
171.0
171.01
171.01
171.04
171.03
171.07
171.15
171.22
171.32
171.31
171.36
171.45
171.51
171.55
171.59
171.68
171.66
171.67
171.62
171.62
171.66
171.68
171.75
171.72
171.74
171.72
171.69
171.68
171.75
171.71
171.79
171.72
171.75
171.73
171.81
171.85
171.93
171.95
171.88
171.97
171.87
171.85
171.87
171.85
171.78
171.87
171.79
171.8
171.72
171.7
171.61
171.71
171.66
171.58
171.48
171.44
171.5
171.43
171.4
171.43
171.4
171.5
171.59
171.57
171.62
171.63
171.69
171.76
171.84
171.91
171.98
172.04
172.11
172.01
172.02
172.01
171.96
171.94
171.95
171.98
172.01
172.01
171.96
171.98
171.91
171.85
171.89
171.97
171.95
171.96
171.88
171.84
171.82
171.89
171.93
171.88
171.88
171.8
171.86
171.89
171.85
171.81
171.83
171.86
171.77
171.69
171.7
171.66
171.57
171.53
171.48
171.53
171.52
171.6
171.51
171.5
171.5
171.47
171.56
171.61
171.62
171.69
171.7
171.68
171.7
171.71
171.67
171.7
171.79
171.75
171.74
171.72
171.68
171.62
171.63
171.65
171.6
171.66
171.61
171.58
171.52
171.54
171.63
171.54
171.48
171.55
171.62
171.56
171.62
171.71
171.61
171.51
171.43
171.52
171.5
171.53
171.43
171.53
171.61
171.53
171.45
171.44
171.44
171.45
171.47
171.55
171.45
171.4
171.41
171.45
171.45
171.42
171.39
171.35
171.31
171.36
171.45
171.35
171.37
171.32
171.32
171.38
171.3
171.26
171.18
171.13
171.05
171.09
171.01
171.09
171.12
171.22
171.24
171.2
171.16
171.16
171.23
171.22
171.22
171.26
171.22
171.26
171.33
171.4
171.43
171.49
171.54
171.6
171.59
171.56
171.58
171.52
171.62
171.67
171.69
171.71
171.8
171.8
171.79
171.76
171.74
171.64
171.56
171.58
171.5
171.49
171.53
171.56
171.61
171.62
171.63
171.6
171.65
171.67
171.66
171.76
171.72
171.77
171.7
171.77
171.68
171.69
171.74
171.75
171.71
171.77
171.7
171.75
171.73
171.75
171.76
171.79
171.79
171.81
171.81
171.77
171.73
171.66
171.67
171.7
171.77
171.84
171.9
171.89
171.87
171.95
171.89
171.86
171.81
171.74
171.73
171.8
171.89
171.99
172.01
172.1
172.04
171.99
172.05
171.99
172.06
172.1
172.18
172.25
172.27
172.3
172.29
172.39
172.48
172.39
172.42
172.48
172.49
172.53
172.49
172.43
172.4
172.32
172.31
172.41
172.34
172.27
172.2
172.23
172.31
172.24
172.28
172.28
172.19
172.1
172.09
172.05
172.01
171.91
171.99
171.99
171.92
171.99
172.0
171.91
171.98
171.97
172.01
172.01
172.01
172.04
172.11
172.04
171.97
172.01
172.1
172.04
171.96
171.95
172.03
171.98
171.97
172.0
172.1
172.15
172.24
172.31
172.27
172.29
172.22
172.21
172.29
172.32
172.31
172.34
172.35
172.27
172.22
172.26
172.18
172.1
172.08
172.06
171.99
172.08
172.0
171.97
172.0
172.08
172.03
171.96
172.05
172.05
171.99
171.98
171.96
172.01
171.96
171.92
171.87
171.86
171.89
171.8
171.77
171.76
171.82
171.8
171.79
171.84
171.83
171.93
172.0
172.08
172.12
172.07
172.13
172.19
172.11
172.15
172.15
172.17
172.21
172.2
172.27
172.2
172.11
172.12
172.03
172.09
172.14
172.1
172.13
172.08
172.06
172.07
172.14
172.16
172.07
172.13
172.09
172.05
172.03
172.08
172.04
172.12
172.04
172.07
172.07
172.15
172.19
172.1
172.14
172.08
172.04
172.1
172.15
172.12
172.2
172.13
172.21
172.22
172.28
172.23
172.16
172.13
172.11
172.02
172.03
172.08
172.05
172.07
172.12
172.15
172.2
172.2
172.21
172.26
172.17
172.23
172.29
172.25
172.29
172.27
172.36
172.45
172.47
172.48
172.45
172.44
172.53
172.45
172.42
172.45
172.41
172.36
172.34
172.38
172.35
172.41
172.43
172.4
172.31
172.39
172.42
172.45
172.52
172.43
172.47
172.51
172.56
172.49
172.44
172.41
172.47
172.54
172.58
172.56
172.49
172.48
172.39
172.46
172.39
172.43
172.52
172.5
172.5
172.51
172.42
172.41
172.33
172.3
172.36
172.44
172.5
172.55
172.57
172.64
172.67
172.62
172.56
172.56
172.51
172.61
172.65
172.57
172.54
172.53
172.54
172.62
172.64
172.66
172.59
172.61
172.53
172.45
172.49
172.51
172.57
172.53
172.49
172.53
172.48
172.39
172.31
172.41
172.44
172.39
172.3
172.29
172.24
172.19
172.22
172.25
172.26
172.19
172.18
172.08
172.12
172.02
171.94
172.01
172.01
171.92
171.87
171.85
171.77
171.81
171.86
171.88
171.83
171.75
171.66
171.72
171.69
171.65
171.56
171.47
171.47
171.49
171.54
171.61
171.69
171.69
171.68
171.59
171.66
171.62
171.71
171.71
171.71
171.62
171.6
171.59
171.58
171.53
171.51
171.49
171.45
171.41
171.38
171.38
171.43
171.42
171.42
171.48
171.42
171.43
171.44
171.51
171.45
171.55
171.54
171.51
171.55
171.53
171.5
171.51
171.48
171.43
171.39
171.4
171.39
171.29
171.2
171.22
171.24
171.32
171.33
171.33
171.36
171.4
171.41
171.39
171.33
171.36
171.44
171.53
171.51
171.51
171.44
171.49
171.55
171.59
171.67
171.68
171.61
171.59
171.54
171.63
171.6
171.65
171.72
171.72
171.66
171.69
171.6
171.57
171.53
171.62
171.71
171.74
171.65
171.56
171.5
171.49
171.52
171.59
171.54
171.45
171.36
171.41
171.44
171.53
171.54
171.59
171.52
171.61
171.71
171.76
171.74
171.77
171.82
171.91
171.95
172.05
172.14
172.21
172.11
172.12
172.19
172.23
172.18
172.19
172.14
172.14
172.2
172.2
172.14
172.04
171.95
171.89
171.81
171.75
171.78
171.84
171.82
171.77
171.7
171.61
171.6
171.67
171.62
171.54
171.45
171.4
171.33
171.34
171.33
171.25
171.2
171.28
171.35
171.27
171.35
171.4
171.35
171.29
171.33
171.34
171.27
171.34
171.26
171.27
171.23
171.18
171.11
171.2
171.27
171.31
171.37
171.29
171.2
171.16
171.21
171.24
171.32
171.24
171.26
171.32
171.35
171.34
171.34
171.29
171.28
171.29
171.3
171.36
171.27
171.21
171.24
171.31
171.3
171.36
171.29
171.25
171.28
171.27
171.17
171.19
171.22
171.25
171.26
171.16
171.14
171.21
171.14
171.17
171.24
171.21
171.21
171.26
171.21
171.27
171.2
171.15
171.13
171.08
171.03
171.12
171.07
171.12
171.05
171.12
171.21
171.18
171.11
171.12
171.16
171.12
171.15
171.23
171.2
171.18
171.24
171.34
171.27
171.23
171.31
171.39
171.48
171.38
171.4
171.47
171.46
171.55
171.58
171.54
171.5
171.5
171.51
171.51
171.5
171.45
171.37
171.41
171.45
171.4
171.34
171.41
171.39
171.31
171.41
171.39
171.48
171.41
171.42
171.45
171.44
171.5
171.56
171.47
171.39
171.39
171.42
171.47
171.55
171.5
171.52
171.49
171.56
171.52
171.54
171.53
171.44
171.45
171.51
171.6
171.5
171.53
171.43
171.5
171.5
171.53
171.59
171.65
171.66
171.66
171.59
171.54
171.62
171.69
171.65
171.62
171.69
171.68
171.65
171.68
171.59
171.67
171.76
171.79
171.78
171.87
171.94
171.86
171.85
171.92
171.83
171.84
171.75
171.68
171.74
171.73
171.76
171.71
171.79
171.69
171.73
171.83
171.76
171.77
171.81
171.75
171.84
171.82
171.89
171.83
171.85
171.83
171.91
171.86
171.86
171.88
171.84
171.89
171.8
171.7
171.67
171.7
171.73
171.81
171.78
171.8
171.87
171.78
171.82
171.91
171.87
171.82
171.81
171.84
171.76
171.77
171.71
171.62
171.68
171.75
171.7
171.77
171.74
171.84
171.74
171.84
171.81
171.86
171.79
171.75
171.76
171.82
171.77
171.82
171.86
171.93
172.01
171.94
171.88
171.89
171.84
171.89
171.97
171.98
172.06
172.12
172.2
172.24
172.2
172.1
172.08
172.02
171.98
171.96
172.03
172.01
172.06
172.09
172.02
172.04
172.1
172.14
172.1
172.19
172.09
172.17
172.11
172.1
172.06
172.03
172.11
172.17
172.17
172.26
172.22
172.13
172.16
172.24
172.16
172.14
172.19
172.12
172.21
172.12
172.21
172.25
172.21
172.26
172.34
172.35
172.38
172.31
172.37
172.28
172.27
172.27
172.25
172.17
172.24
172.19
172.18
172.26
172.35
172.27
172.32
172.25
172.26
172.21
172.3
172.37
172.34
172.27
172.32
172.39
172.32
172.41
172.45
172.35
172.45
172.53
172.59
172.58
172.67
172.72
172.63
172.7
172.62
172.6
172.62
172.64
172.67
172.61
172.71
172.64
172.62
172.68
172.59
172.54
172.53
172.47
172.52
172.56
172.54
172.61
172.58
172.67
172.73
172.83
172.92
173.0
173.0
173.08
173.05
172.96
173.0
173.01
173.09
172.99
172.96
172.87
172.88
172.97
172.9
172.84
172.85
172.81
172.89
172.82
172.73
172.73
172.68
172.75
172.72
172.68
172.74
172.65
172.63
172.6
172.63
172.65
172.63
172.7
172.76
172.68
172.63
172.54
172.53
172.5
172.5
172.49
172.44
172.39
172.34
172.36
172.41
172.44
172.49
172.46
172.55
172.6
172.6
172.7
172.72
172.73
172.72
172.77
172.77
172.78
172.69
172.63
172.59
172.58
172.51
172.5
172.43
172.34
172.25
172.31
172.26
172.3
172.26
172.17
172.08
172.14
172.2
172.17
172.22
172.18
172.26
172.24
172.24
172.28
172.24
172.32
172.34
172.38
172.32
172.41
172.34
172.41
172.48
172.5
172.5
172.48
172.45
172.36
172.31
172.39
172.4
172.39
172.42
172.52
172.56
172.57
172.59
172.64
172.64
172.61
172.55
172.52
172.5
172.59
172.6
172.66
172.62
172.72
172.81
172.83
172.78
172.77
172.84
172.75
172.75
172.71
172.65
172.56
172.6
172.68
172.59
172.54
172.61
172.58
172.6
172.61
172.59
172.59
172.52
172.6
172.56
172.64
172.61
172.57
172.51
172.57
172.6
172.65
172.63
172.57
172.5
172.51
172.57
172.58
172.59
172.56
172.64
172.59
172.5
172.54
172.56
172.52
172.6
172.56
172.65
172.72
172.74
172.77
172.69
172.79
172.83
172.79
172.88
172.9
172.96
173.04
173.12
173.17
173.21
173.17
173.13
173.13
173.22
173.25
173.21
173.16
173.18
173.09
173.01
173.06
172.97
173.03
172.97
172.94
173.0
172.92
172.89
172.88
172.84
172.85
172.87
172.86
172.91
172.82
172.83
172.92
172.94
173.02
173.06
172.98
173.0
173.1
173.2
173.1
173.17
173.19
173.21
173.16
173.08
173.03
173.01
172.92
172.87
172.85
172.83
172.76
172.85
172.87
172.96
172.93
172.98
173.04
173.01
173.05
173.12
173.19
173.15
173.25
173.29
173.2
173.15
173.21
173.27
173.3
173.32
173.39
173.45
173.37
173.42
173.51
173.42
173.5
173.42
173.42
173.46
173.5
173.59
173.68
173.61
173.7
173.72
